% Model:              Two_segments_demag.mph
% Version:            COMSOL 5.6.0.341
% Date:               Feb 13 2022, 14:30
% Dimension:          1
% Nodes:              1000
% Expressions:        1
% Description:        Line graph
% s                       Height
0                         -4.445697430378662E-4
0                         0.0013258458253773981
1.967707093809306E-5      0.0026549308175240335
3.93541418761875E-5       0.003984064476526983
5.903121281428274E-5      0.005313244846123021
7.870828375237811E-5      0.006642469970007738
9.838535469047096E-5      0.00797173789184571
1.1806242562856566E-4     0.009301046655227211
1.37739496566663E-4       0.010630394303715615
1.5741656750475636E-4     0.011959778880838472
1.7709363844284999E-4     0.013289198430070969
1.9677070938094383E-4     0.01461865099486934
2.164477803190382E-4      0.015948134618632023
2.3612485125713156E-4     0.017277647344738346
2.558019221952265E-4      0.018607187216534992
2.7547899313332076E-4     0.01993675227733659
2.9515606407141574E-4     0.021266340570426638
3.14833135009509E-4       0.02259595013906333
3.3451020594760537E-4     0.023925579026481427
3.5418727688569715E-4     0.025255225275893398
3.7386434782379224E-4     0.026584886930486704
3.9354141876188695E-4     0.027914562033429333
4.1321848969998057E-4     0.029244248627876248
4.328955606380759E-4      0.030573944756964382
4.5257263157617026E-4     0.03190364846380848
4.7224970251426605E-4     0.033233357791520896
4.919267734523607E-4      0.034563070783201776
5.116038443904534E-4      0.035892785481939055
5.312809153285483E-4      0.037222499930809005
5.509579862666396E-4      0.0385522121728917
5.706350572047349E-4      0.03988192025125684
5.903121281428303E-4      0.041211622208977054
6.099891990809258E-4      0.04250916992817493
6.296662700190212E-4      0.04384585488041774
6.493433409571171E-4      0.04518258678526313
6.690204118952106E-4      0.04651936367726596
6.886974828333044E-4      0.04785618359091641
7.083745537713983E-4      0.049193044560665186
7.280516247094912E-4      0.050529944620912315
7.477286956475862E-4      0.05186688180600108
7.67405766585682E-4       0.05320385415024248
7.870828375237739E-4      0.05454085968789269
8.067599084618703E-4      0.05587789645317505
8.264369793999645E-4      0.05721496248025945
8.461140503380593E-4      0.05855205580329274
8.657911212761535E-4      0.05988917445637389
8.854681922142492E-4      0.0612263164735674
9.05145263152341E-4       0.06256347988891267
9.248223340904373E-4      0.06390066273640808
9.444994050285314E-4      0.06523786305002603
9.641764759666252E-4      0.06657507886371274
9.8385354690472E-4        0.06791230821138626
0.0010035306178428124     0.06924954912693955
0.0010232076887809081     0.07058679964424353
0.0010428847597190023     0.0719240577971516
0.0010625618306570979     0.07326132161948641
0.0010822389015951942     0.0745985891450689
0.001101915972533287      0.07593585840769017
0.00112159304347138       0.07693320652865306
0.0011412701144094745     0.0782229758037961
0.0011609471853475703     0.07951277012624561
0.0011806242562856634     0.08154524356110217
0.0012003013272237576     0.08285153797325187
0.0012199783981618546     0.08392010980839257
0.0012396554690999482     0.08525907215884122
0.0012593325400380416     0.08659811787228383
0.0012790096109761362     0.0879372449727166
0.0012986866819142322     0.08927645148406516
0.0013183637528523268     0.09061573543014029
0.0013380408237904206     0.09195509483466971
0.0013577178947285142     0.09329452772128172
0.0013773949656666073     0.094634032113529
0.0013970720366047028     0.09597360603486531
0.0014167491075427958     0.09731324750866466
0.0014364261784808909     0.09865295455821124
0.0014561032494189857     0.09999272520671834
0.001475780320357079      0.10133255747730548
0.0014954573912951768     0.10267244939302315
0.0015151344622332695     0.10401239897684394
0.0015348115331713646     0.10535240425165784
0.0015544886041094588     0.10669246324029474
0.0015741656750475528     0.10803257396549716
0.0015938427459856472     0.10937273444995285
0.0016135198169237423     0.1106161301335529
0.0016331968878618348     0.11198326569416091
0.0016528739587999305     0.11335050216651385
0.001672551029738026      0.11471783755862193
0.0016922281006761183     0.11608526987836912
0.0017119051716142136     0.11745279713353118
0.0017315822425523063     0.11882041733175633
0.0017512593134904027     0.12018812848058988
0.0017709363844284976     0.12155592858747018
0.0017906134553665903     0.1229238156597076
0.0018102905263046869     0.12429178770452248
0.001829967597242778      0.12565984272902525
0.0018496446681808738     0.12702797874021232
0.001869321739118968      0.1283961937450011
0.0018889988100570631     0.12976448575017582
0.0019086758809951573     0.1311328527624566
0.0019283529519332522     0.13233003097977653
0.0019480300228713473     0.13362922803068697
0.001967707093809442      0.1349285268397622
0.0019873841647475338     0.13622792547319243
0.00200706123568563       0.13752742199704357
0.0020267383066237244     0.13882701447726087
0.002046415377561817      0.1403469101407847
0.0020660924484999102     0.14170465247093494
0.0020857695194380064     0.14306254526424028
0.002105446590376102      0.14442058655256365
0.0021251236613141953     0.1457787743676013
0.002144800732252291      0.1471371067408841
0.0021644778031903846     0.14849558170375823
0.0021841548741284795     0.14985419728741892
0.0022038319450665735     0.151212951522868
0.002223509016004666      0.15257184244097294
0.00224318608694276       0.1539308680724256
0.0022628631578808568     0.15529002644775153
0.00228254022881895       0.15664931559733075
0.0023022172997570435     0.15800873355137907
0.002321894370695139      0.1593682783399474
0.0023415714416332345     0.16072794799294626
0.002361248512571328      0.16208774054013614
0.002380925583509422      0.16344765401111241
0.0024006026544475157     0.1648076864353303
0.0024202797253856123     0.16616783584210712
0.0024399567963237054     0.167528100260605
0.0024596338672618007     0.16885609353279946
0.002479310938199897      0.17013447567899434
0.0024989880091379896     0.1714130183966368
0.002518665080076084      0.17269171976992603
0.002538342151014177      0.1740547704678243
0.002558019221952273      0.17541769984450462
0.002577696292890367      0.17678083948935955
0.0025973733638284605     0.17814418742983257
0.0026170504347665558     0.1795077416931193
0.0026367275057046493     0.180871500306197
0.002656404576642745      0.18223546129579274
0.0026760816475808395     0.18359962268840155
0.0026957587185189326     0.18496398251028973
0.0027154357894570275     0.1863285387874987
0.0027351128603951232     0.18769328954582973
0.0027547899313332177     0.18905823281086284
0.002774467002271311      0.19042336660795448
0.002794144073209406      0.1917886889622425
0.0028138211441474997     0.19315419789862695
0.0028334982150855946     0.19451989144181117
0.0028531752860236873     0.19588576761626963
0.0028728523569617813     0.19766921359386871
0.0028925294278998796     0.1989357420793727
0.002912206498837971      0.20020250920126798
0.0029318835697760654     0.20146951305255512
0.0029515606407141616     0.20273675172596828
0.002971237711652255      0.20400422331397783
0.002990914782590351      0.20527192590877608
0.003010591853528444      0.20653985760229301
0.003030268924466539      0.20773142590417926
0.003049945995404634      0.20908513569429762
0.0030696230663427265     0.2104391343269358
0.0030893001372808235     0.21179341982430977
0.0031089772082189167     0.213147990208313
0.0031286542791570103     0.214502843500526
0.0031483313500951073     0.21585797772219792
0.003168008421033198      0.2172133908942642
0.0031876854919712936     0.21856908103735007
0.0032073625629093876     0.21992504617174916
0.0032270396338474837     0.22128128431745767
0.003246716704785579      0.22263779349415594
0.003266393775723674      0.22399457172120937
0.003286070846661766      0.22535161701768652
0.00330574791759986       0.22670892740233858
0.003325424988537955      0.228066500893618
0.0033451020594760517     0.22942433550967822
0.0033647791304141457     0.2304538459208626
0.0033844562013522392     0.23181862107493392
0.0034041332722903315     0.23318375693201507
0.003423810343228429      0.23454925152253012
0.0034434874141665247     0.23591510287651363
0.003463164485104616      0.23728130902358774
0.003482841556042711      0.23864786799298396
0.0035025186269808067     0.24001477781354333
0.0035221956979189007     0.24138203651370382
0.003541872768856995      0.24274964212152453
0.0035615498397950905     0.24411759266466368
0.0035812269107331827     0.24548588617040465
0.0036009039816712785     0.24685452066562819
0.003620581052609373      0.24822349417684494
0.003640258123547467      0.2495928047301803
0.0036599351944855596     0.2509624503513734
0.0036796122654236554     0.2523324290657896
0.0036992893363617507     0.2537027388984189
0.0037189664072998447     0.25507337787387285
0.0037386434782379387     0.2564443440163831
0.0037583205491760335     0.25786366165696645
0.0037779976201141284     0.25906660719572866
0.0037976746910522233     0.26026995514190004
0.0038173517619903155     0.2614737036661339
0.0038370288329284095     0.2626778509386452
0.0038567059038665053     0.2638823951291929
0.003876382974804599      0.26508733440710136
0.003896060045742693      0.266292666941247
0.00391573711668079       0.26749839090007194
0.003935414187618882      0.26870450445157884
0.003955091258556978      0.26991100576332666
0.003974768329495072      0.2711178930024481
0.003994445400433165      0.2723251643356421
0.0040141224713712625     0.2735328179291643
0.004033799542309355      0.2747408519488571
0.00405347661324745       0.27633028573139246
0.004073153684185546      0.27763759708868196
0.0040928307551236385     0.27894543273118616
0.004112507826061734      0.2802537908152185
0.004132184896999827      0.2815626694965305
0.004151861967937923      0.28287206693030176
0.004171539038876016      0.28418198127113287
0.00419121610981411       0.2854924106730672
0.004210893180752207      0.286803353289579
0.004230570251690301      0.2881148072735741
0.004250247322628395      0.28942677077740075
0.00426992439356649       0.290739241952845
0.004289601464504582      0.2920522189511326
0.004309278535442678      0.2933656999229274
0.004328955606380773      0.29467968301834685
0.004348632677318866      0.2959941663869445
0.004368309748256961      0.29730914817772636
0.0043879868191950555     0.2986246265391466
0.0044076638901331495     0.2999405996191049
0.0044273409610712435     0.3012570655649604
0.0044470180320093375     0.3025740225235235
0.004466695102947432      0.30389146864105904
0.004486372173885526      0.30520940206328695
0.00450604924482362       0.3065278209353874
0.004525726315761716      0.3075011127795412
0.00454540338669981       0.30862604412933087
0.004565080457637904      0.3097515315246504
0.004584757528576         0.3108775732626939
0.004604434599514093      0.31200416764005373
0.004624111670452188      0.31313131295270336
0.004643788741390283      0.3143188367310247
0.004663465812328376      0.3155260265315559
0.004683142883266472      0.31673386300631823
0.004702819954204565      0.3179423444278794
0.0047224970251426605     0.319151469068107
0.004742174096080753      0.3203612351981676
0.004761851167018848      0.32157164108852354
0.0047815282379569425     0.3227826850089464
0.004801205308895037      0.3239943652285084
0.004820882379833132      0.32520668001558267
0.004840559450771226      0.3264196276378582
0.004860236521709321      0.3276332063623229
0.004879913592647414      0.32884741445528215
0.004899590663585508      0.33006225018235136
0.004919267734523602      0.33127771180845283
0.004938944805461696      0.3324937975978305
0.004958621876399792      0.33371050581404255
0.004978298947337887      0.33492783471996496
0.00499797601827598       0.33534033325077217
0.005017653089214075      0.33648007576740147
0.005037330160152169      0.33762042501068396
0.005057007231090265      0.3387613793513121
0.005076684302028357      0.3399029371593291
0.005096361372966453      0.34104509680410616
0.005116038443904547      0.3427457447515325
0.0051357155148426415     0.34382011345247215
0.005155392585780737      0.34489520339496066
0.00517506965671883       0.3459710130102484
0.005194746727656925      0.34704754072879623
0.0052144237985950175     0.3481247849802788
0.005234100869533114      0.34920274419359737
0.005253777940471207      0.35028141679687663
0.005273455011409302      0.35136080121746155
0.005293132082347397      0.35244089588192207
0.005312809153285493      0.3535216992160527
0.005332486224223587      0.35460320964487896
0.005352163295161682      0.3556854255926524
0.005371840366099775      0.3567683454828561
0.00539151743703787       0.35785196773820316
0.0054111945079759645     0.35893629078064454
0.005430871578914058      0.3600213130313552
0.005450548649852153      0.36110703291076107
0.005470225720790247      0.36219344883851073
0.005489902791728341      0.36328055923350483
0.005509579862666435      0.36436836251387295
0.00552925693360453       0.3646906235842858
0.005548934004542624      0.36560777759269153
0.005568611075480718      0.36652564995444037
0.005588288146418812      0.36744423926175535
0.005607965217356906      0.36836354410608324
0.005627642288295001      0.3692835630780779
0.005647319359233096      0.3702042947676112
0.00566699643017119       0.37112573776378777
0.005686673501109286      0.37204789065492094
0.005706350572047378      0.3729707520285569
0.005726027642985473      0.37433080355614673
0.005745704713923567      0.37531538619184385
0.005765381784861661      0.37630085534381336
0.005785058855799757      0.3772872096439099
0.00580473592673785       0.37827444772303953
0.005824412997675945      0.37926256821114385
0.0058440900686140395     0.3802515697372222
0.005863767139552132      0.3812414509293164
0.0058834442104902275     0.3822322104145211
0.005903121281428322      0.38322384681898436
0.0059227983523664155     0.3842163587679062
0.005942475423304511      0.385209744885535
0.0059621524942426035     0.3862040037951843
0.0059818295651807        0.38719913411921414
0.006001506636118795      0.3882554660546217
0.006021183707056887      0.3889995698049904
0.006040860777994984      0.3897446100101644
0.006060537848933076      0.3904905854878974
0.006080214919871172      0.39123749505494815
0.006099891990809267      0.39198533752704956
0.006119569061747361      0.3927341117189469
0.006139246132685456      0.39348381644437297
0.00615892320362355       0.39423445051606015
0.006178600274561644      0.3949860127457382
0.006198277345499739      0.39573850194413507
0.0062179544164378325     0.39649191692097835
0.006237631487375927      0.3972462564850004
0.006257308558314022      0.39800151944393414
0.006276985629252116      0.398757704604514
0.006296662700190212      0.3995148107724817
0.006316339771128306      0.4002728367525848
0.006336016842066399      0.4010317813485721
0.006355693913004494      0.40171123474345244
0.006375370983942589      0.40251437068856344
0.006395048054880684      0.4033182895009191
0.006414725125818778      0.4041229900694519
0.006434402196756872      0.4049284712822629
0.0064540792676949675     0.40573473202658
0.0064737563386330615     0.40654177118877377
0.006493433409571156      0.4073495876543956
0.00651311048050925       0.4081581803081058
0.006532787551447345      0.40896754803374535
0.00655246462238544       0.4097380324892976
0.006572141693323534      0.4103197082891216
0.006591818764261628      0.41090220906894337
0.006611495835199722      0.4114855338941934
0.006631172906137817      0.4120696818294058
0.006650849977075912      0.41265465193822376
0.006670527048014006      0.4132404432833844
0.0066902041189521        0.4138270549267372
0.006709881189890194      0.41441448592923313
0.00672955826082829       0.41500273535092363
0.006749235331766383      0.41559180225097725
0.0067689124027044785     0.4161816856876603
0.006788589473642574      0.41694656928379126
0.0068082665445806665     0.4176064689578239
0.006827943615518762      0.4182673252864225
0.006847620686456857      0.41892913736249565
0.00686729775739495       0.41959190427792264
0.006886974828333045      0.42025562512354536
0.006906651899271138      0.4209202989891787
0.006926328970209234      0.42158592496360947
0.00694600604114733       0.4222525021345847
0.006965683112085422      0.42292002958883607
0.006985360183023518      0.4235885064120598
0.007005037253961613      0.42386418384114855
0.007024714324899707      0.4243341897110893
0.0070443913958378014     0.4248051482158139
0.007064068466775895      0.42527705860364473
0.0070837455377139895     0.42574992012187673
0.007103422608652085      0.4262237320167646
0.0071230996795901775     0.42669849353354977
0.007142776750528273      0.4271742039164364
0.007162453821466367      0.42765086240860556
0.007182130892404461      0.4282858150035396
0.007201807963342557      0.4287879234081099
0.007221485034280649      0.42929087590518017
0.007241162105218744      0.42979467180135483
0.007260839176156839      0.43029931040231834
0.007280516247094933      0.43080479101283525
0.007300193318033029      0.43131111293674795
0.007319870388971122      0.43181827547698304
0.007339547459909217      0.4323262779355464
0.007359224530847312      0.43283511961352583
0.007378901601785406      0.4333447998110902
0.007398578672723501      0.43385531782749925
0.007418255743661595      0.434366672961086
0.007437932814599689      0.4348788645092766
0.007457609885537784      0.43547113761418016
0.007477286956475879      0.4358117187597288
0.007496964027413973      0.43615314235277636
0.007516641098352067      0.436495407832215
0.007536318169290161      0.43683851463602086
0.007555995240228256      0.4371824622012464
0.00757567231116635       0.4375272499640253
0.007595349382104445      0.43787287735957436
0.007615026453042539      0.4382193438221865
0.007634703523980633      0.438566648785243
0.007654380594918728      0.43891479168120406
0.007674057665856822      0.43926377194161176
0.007693734736794916      0.43961358899709446
0.00771341180773301       0.4399642422773629
0.0077330888786711054     0.4403157312112131
0.007752765949609199      0.44066805522652597
0.0077724430205472934     0.4410212137502669
0.007792120091485388      0.4413752062084896
0.007811797162423481      0.44173003202633193
0.007831474233361576      0.4420856906280196
0.007851151304299671      0.44244218143686737
0.007870828375237766      0.4427995038752772
0.007890505446175861      0.443157657364739
0.007910182517113954      0.44351664132583285
0.007929859588052047      0.44399441639400034
0.007949536658990142      0.444403697576932
0.007969213729928237      0.44371363628889926
0.007988890800866332      0.44400062342693436
0.008008567871804427      0.44532100788914364
0.00802824494274252       0.44556096726677263
0.008047922013680616      0.44580166704694735
0.00806759908461871       0.44604310689259136
0.008087276155556804      0.4462852864658175
0.0081069532264949        0.4465282054279108
0.008126630297432992      0.44677186343934133
0.008146307368371087      0.44701626015975776
0.00816598443930918       0.4472613952479969
0.008185661510247275      0.4475072683620705
0.00820533858118537       0.4477538791591763
0.008225015652123463      0.4480012272956945
0.00824469272306156       0.4482493124271885
0.008264369793999653      0.4484981342084028
0.008284046864937748      0.44874769229326866
0.008303723935875843      0.44899798633489824
0.008323401006813936      0.44924901598559086
0.00834307807775203       0.4495007808968275
0.008362755148690126      0.4497532807192762
0.008382432219628219      0.45000651510278833
0.008402109290566314      0.4502604836964028
0.008421786361504409      0.450515186148342
0.008441463432442503      0.4507706221060166
0.008461140503380598      0.45102679121602196
0.008480817574318691      0.4512836931241415
0.008500494645256786      0.45154132747534365
0.008520171716194881      0.4517996939137873
0.008539848787132974      0.45205879208281635
0.00855952585807107       0.4523186216249631
0.008579202929009162      0.4525791821819502
0.008598879999947257      0.4520442703582959
0.008618557070885352      0.4521884876835999
0.008638234141823445      0.4523333740992764
0.00865791121276154       0.4524789293614422
0.008677588283699635      0.4526251532254685
0.00869726535463773       0.4527720454459771
0.008716942425575823      0.45291960577683915
0.008736619496513918      0.45306783397118294
0.008756296567452013      0.4532167297813847
0.008775973638390106      0.45336629295907427
0.0087956507093282        0.45409863934453654
0.008815327780266296      0.4542039793624575
0.00883500485120439       0.454310037878102
0.008854681922142485      0.4544168147258232
0.00887435899308058       0.45452430973917485
0.008894036064018675      0.45463252275091254
0.00891371313495677       0.4547414535929922
0.008933390205894865      0.45485110209657303
0.00895306727683296       0.45496146809201476
0.008972744347771055      0.4550725514088791
0.00899242141870915       0.45518435187592987
0.009012098489647243      0.45529686932113383
0.009031775560585337      0.45541010357165773
0.009051452631523432      0.45552405445387384
0.009071129702461525      0.4556387217933542
0.00909080677339962       0.45575410541487626
0.009110483844337715      0.4558702051424185
0.00913016091527581       0.45598702079916337
0.009149837986213905      0.4561045522074963
0.009169515057151998      0.45622279918900727
0.009189192128090093      0.45634176156448725
0.009208869199028188      0.45646143915393317
0.009228546269966283      0.4561045063656902
0.009248223340904378      0.45619345265048145
0.00926790041184247       0.4562830435593738
0.009287577482780566      0.45637327897334506
0.00930725455371866       0.4564641587726471
0.009326931624656754      0.4565556828368084
0.009346608695594848      0.4566478510446333
0.009366285766532943      0.45709911489725613
0.009385962837471036      0.45712863807846793
0.009405639908409131      0.45715884494496223
0.009425316979347224      0.45718973545466574
0.00944499405028532       0.45722130956474133
0.009464671121223414      0.45725356723158794
0.009484348192161507      0.457286508410839
0.009504025263099602      0.45732013305736463
0.009523702334037695      0.457354441125271
0.00954337940497579       0.4573894325678994
0.009563056475913885      0.45742510733782715
0.009582733546851978      0.4574614653868674
0.009602410617790073      0.45749850666606995
0.009622087688728168      0.4575362311257198
0.009641764759666263      0.45757463871533843
0.009661441830604358      0.45761372938368317
0.009681118901542453      0.4576535030787479
0.009700795972480547      0.45769395974776206
0.009720473043418642      0.4577350993371919
0.009740150114356737      0.4577769217927396
0.009759827185294832      0.4578194270593435
0.009779504256232927      0.4574853096304436
0.009799181327171022      0.45745569974917794
0.009818858398109117      0.4574267258547078
0.00983853546904721       0.45739838796755183
0.009858212539985305      0.45737068610751325
0.0098778896109234        0.4573436202936782
0.009897566681861494      0.45731719054441644
0.00991724375279959       0.45729139687738146
0.009936920823737684      0.4575732424402179
0.009956597894675779      0.45753353128371066
0.009976274965613874      0.45749452245997363
0.009995952036551969      0.45745621604352954
0.010015629107490064      0.4574186121081169
0.010035306178428158      0.45738171072669126
0.010054983249366253      0.4573455119714248
0.010074660320304348      0.4573100159137057
0.010094337391242443      0.4572752226241384
0.010114014462180538      0.45724113217254503
0.010133691533118633      0.4572077446279619
0.010153368604056728      0.45717506005864317
0.010173045674994823      0.4571430785320576
0.010192722745932917      0.4571118001148923
0.010212399816871012      0.45708122487304786
0.010232076887809107      0.4570513528716424
0.010251753958747202      0.45702218417500934
0.010271431029685295      0.45699371884669726
0.01029110810062339       0.4569659569494728
0.010310785171561485      0.45693889854531544
0.010330462242499578      0.45654191371198644
0.010350139313437673      0.45643747905864274
0.010369816384375768      0.4563337019763336
0.010389493455313863      0.4562305826147641
0.010409170526251958      0.45612812112289824
0.01042884759719005       0.45602631764896573
0.010448524668128146      0.45592517234045393
0.01046820173906624       0.45582468534411413
0.010487878810004335      0.45572485680595937
0.01050755588094243       0.4556256868712623
0.010527232951880523      0.4555271756845573
0.010546910022818618      0.4554293233896404
0.010566587093756713      0.455332130129568
0.010586264164694806      0.4553910251256194
0.010605941235632901      0.455271862565024
0.010625618306570996      0.4551534394554812
0.01064529537750909       0.4550357560068367
0.010664972448447186      0.45491881242811266
0.010684649519385279      0.4548026089275092
0.010704326590323374      0.45468714571240737
0.010724003661261469      0.45457242298936607
0.010743680732199563      0.454458440964124
0.010763357803137658      0.45434519984159805
0.010783034874075751      0.45423269982588255
0.010802711945013846      0.45412094112025087
0.010822389015951941      0.4540099239271531
0.010842066086890034      0.45389964844821884
0.010861743157828129      0.4537901148842536
0.010881420228766224      0.45368132343524203
0.010901097299704317      0.45357327430034317
0.010920774370642412      0.4534659676778961
0.010940451441580507      0.4533594037654142
0.0109601285125186        0.45325358275959055
0.010979805583456695      0.4531681633925577
0.010999482654394788      0.45290883478282495
0.011019159725332883      0.45265025232996814
0.011038836796270978      0.4523924163554925
0.011058513867209071      0.4521353271800786
0.011078190938147166      0.45187898512357905
0.01109786800908526       0.4516233905050173
0.011117545080023354      0.4513685436425912
0.011137222150961449      0.45111444485366936
0.011156899221899542      0.45086109445479167
0.011176576292837637      0.45060849276167014
0.011196253363775732      0.450356640089186
0.011215930434713825      0.45010553675139336
0.01123560750565192       0.4498551830615162
0.011255284576590014      0.4496055793319477
0.011274961647528108      0.4493567258742517
0.011294638718466202      0.44910862299916215
0.011314315789404297      0.4488612710165813
0.01133399286034239       0.4486146702355809
0.011353669931280484      0.4483688209644018
0.011373347002218582      0.44812372351045343
0.011393024073156675      0.4478793781803123
0.011412701144094768      0.4476357852797247
0.011432378215032866      0.4473929451136048
0.01145205528597096       0.4471508579860309
0.011471732356909053      0.44690952420025337
0.011491409427847148      0.4466689440586844
0.011511086498785243      0.44642911786290684
0.011530763569723336      0.4461900459136691
0.01155044064066143       0.44558725565808477
0.011570117711599525      0.44560176493402065
0.011589794782537619      0.44553014992728257
0.011609471853475712      0.4451798792138231
0.01162914892441381       0.44483040763874526
0.011648825995351903      0.44448173576581007
0.011668503066289996      0.4441338641579015
0.011688180137228095      0.44378679337701477
0.011707857208166188      0.44344052398427464
0.011727534279104281      0.4430950565399176
0.01174721135004238       0.44275039160330226
0.011766888420980472      0.44240652973290423
0.011786565491918565      0.44206347148631775
0.01180624256285666       0.4417212174202507
0.011825919633794755      0.44137976809053275
0.011845596704732848      0.44103912405210305
0.011865273775670942      0.4406992858590209
0.01188495084660904       0.4403602540644608
0.011904627917547133      0.4400220292207081
0.011924304988485226      0.4396846118791648
0.011943982059423324      0.4393480025903466
0.011963659130361418      0.43901220190387946
0.01198333620129951       0.4386772103685043
0.012003013272237609      0.438343028532073
0.012022690343175702      0.43800965694155025
0.012042367414113795      0.4376770961430088
0.01206204448505189       0.43734534668163577
0.012081721555989987      0.43701440910172445
0.01210139862692808       0.43668428394667713
0.012121075697866173      0.43635497175901156
0.012140752768804271      0.43572285718027853
0.012160429839742365      0.435208963627265
0.012180106910680458      0.4346958778783205
0.012199783981618556      0.4341836006298364
0.012219461052556647      0.43367213257732196
0.01223913812349474       0.4331614744153888
0.012258815194432835      0.43265162683777053
0.012278492265370932      0.4321425905373009
0.012298169336309025      0.4316343662059359
0.01231784640724712       0.43112695453473504
0.012337523478185215      0.4306203562138693
0.012357200549123308      0.4301145719326205
0.012376877620061403      0.429645206580948
0.012396554690999498      0.4291744417250542
0.012416231761937591      0.4287045992795851
0.012435908832875686      0.42823567999966505
0.01245558590381378       0.4277676846394157
0.012475262974751874      0.427300613951958
0.012494940045689967      0.4268344686894087
0.012514617116628062      0.426369249602881
0.012534294187566157      0.425904957442481
0.01255397125850425       0.42544159295732126
0.012573648329442346      0.4249791568954953
0.012593325400380441      0.42451765000409825
0.012613002471318534      0.42405707302921314
0.01263267954225663       0.4236802457481967
0.012652356613194724      0.4230079354863411
0.012672033684132817      0.42233656344831255
0.012691710755070914      0.42166613054983365
0.012711387826009007      0.4209966377056093
0.012731064896947102      0.42032808582932574
0.012750741967885195      0.41966047583365507
0.01277041903882329       0.4189938086302448
0.012790096109761385      0.418328085129727
0.012809773180699478      0.41766330624171377
0.012829450251637573      0.4169994728747911
0.012849127322575668      0.4163365859365276
0.012868804393513759      0.4156746463334653
0.012888481464451856      0.4149832373130656
0.012908158535389952      0.4143924409649951
0.012927835606328044      0.41380245712164687
0.012947512677266139      0.41321328671950314
0.012967189748204232      0.41262493069413386
0.012986866819142327      0.4120373899802405
0.013006543890080421      0.4114506655116187
0.013026220961018515      0.4108647582211854
0.01304589803195661       0.4102796690409631
0.013065575102894704      0.40969539890206536
0.013085252173832797      0.40895136831787376
0.013104929244770894      0.40815073626981463
0.013124606315708987      0.4073509065991814
0.013144283386647082      0.40655188040952195
0.013163960457585175      0.4057536588035196
0.013183637528523272      0.40495624288299364
0.013203314599461367      0.404159633748863
0.01322299167039946       0.4033638325011889
0.013242668741337555      0.4025688402391277
0.01326234581227565       0.4017746580609744
0.013282022883213741      0.4009812870641272
0.013301699954151838      0.40034911622730246
0.013321377025089932      0.399611182953778
0.013341054096028026      0.39887419318430184
0.013360731166966119      0.3981381480718032
0.013380408237904215      0.3974030487681892
0.01340008530884231       0.3966688964243553
0.013419762379780403      0.3959356921901664
0.0134394394507185        0.3952034372144701
0.013459116521656595      0.39447213264509856
0.013478793592594688      0.3937417796288537
0.013498470663532783      0.3929026458189658
0.013518147734470878      0.3919621803970688
0.01353782480540897       0.3910226334752433
0.013557501876347067      0.39008400636541785
0.013577178947285162      0.3891463003785409
0.013596856018223255      0.3882095168245538
0.013616533089161349      0.38727365701241484
0.013636210160099447      0.3863387222500826
0.01365588723103754       0.385404713844517
0.013675564301975633      0.384471633101683
0.013695241372913732      0.383676822655616
0.013714918443851825      0.3828095710560692
0.013734595514789918      0.38194312199718716
0.013754272585728013      0.3810774768118533
0.01377394965666611       0.3802126368320753
0.013793626727604202      0.3793486033889875
0.013813303798542294      0.37848537781285513
0.01383298086948039       0.37762296143305435
0.013852657940418484      0.3767613555780917
0.013872335011356578      0.37590056157559
0.013892012082294677      0.37504058075229657
0.01391168915323277       0.37418141443407166
0.013931366224170863      0.3730564587456368
0.01395104329510896       0.3720160106317019
0.013970720366047053      0.3709763500613347
0.013990397436985146      0.36993747850389386
0.01401007450792324       0.3688993974278737
0.014029751578861337      0.3678621083009174
0.01404942864979943       0.3668256125898032
0.014069105720737524      0.3657899117604569
0.01408878279167562       0.36475500727793275
0.014108459862613713      0.3637209006064278
0.014128136933551807      0.36268759320927274
0.014147814004489905      0.361655086548933
0.014167491075427996      0.36062338208700895
0.01418716814636609       0.35959248128422566
0.014206845217304186      0.3585623856004497
0.01422652228824228       0.3573250832748551
0.014246199359180372      0.3567989096609905
0.014265876430118469      0.35568461895917414
0.014285553501056564      0.35457110447857715
0.014305230571994657      0.35345836786381135
0.014324907642932752      0.35234641075865986
0.014344584713870847      0.35123523480605173
0.01436426178480894       0.3501248416480772
0.014383938855747033      0.349015232925977
0.014403615926685131      0.34790641028014063
0.014423292997623223      0.3467983753501141
0.014442970068561316      0.3457070616935287
0.014462647139499414      0.34460873325535385
0.014482324210437507      0.3435110860439998
0.014502001281375599      0.34241412162677054
0.014521678352313695      0.34131784157022765
0.01454135542325179       0.34022224744019164
0.014561032494189882      0.339127340801721
0.014580709565127978      0.3380331232191419
0.014600386636066073      0.33693959625602127
0.014620063707004166      0.33584676147516385
0.014639740777942258      0.33382490544822624
0.014659417848880356      0.3336128052165464
0.014679094919818447      0.33240925860328024
0.01469877199075654       0.33120625718662583
0.014718449061694635      0.33000380269299473
0.01473812613263273       0.32880189684819583
0.014757803203570823      0.32760054137742023
0.01477748027450892       0.32639973800526917
0.014797157345447013      0.32519948845570684
0.014816834416385106      0.3239997944521126
0.014836511487323201      0.32280065771723015
0.014856188558261296      0.3216020799732052
0.01487586562919939       0.3204040629415544
0.014895542700137486      0.31920660834318326
0.01491521977107558       0.3180097178983723
0.014934896842013672      0.3168133933267859
0.014954573912951769      0.315617636347463
0.014974250983889862      0.3144224486788171
0.014993928054827958      0.31322783203863996
0.01501360512576605       0.31203378814408744
0.015033282196704146      0.310840318711698
0.015052959267642243      0.30964742545736823
0.015072636338580334      0.308455110096376
0.015092313409518431      0.30726337434334605
0.015111990480456526      0.3060722199122853
0.015131667551394617      0.3039911268773743
0.015151344622332712      0.3028234636876186
0.015171021693270805      0.30165626332465745
0.015190698764208902      0.301205764149745
0.015210375835146997      0.2999177091407342
0.01523005290608509       0.2986301016332455
0.015249729977023185      0.2973429434855502
0.015269407047961278      0.29605623655542795
0.015289084118899374      0.2947699827001434
0.01530876118983747       0.2934841837764654
0.015328438260775562      0.29219884164065424
0.015348115331713657      0.2909139581484564
0.015367792402651752      0.28962953515511264
0.015387469473589844      0.28834557451534887
0.015407146544527938      0.28706207808337814
0.015426823615466033      0.28577904771289964
0.015446500686404126      0.28449648525709065
0.015466177757342223      0.28321439256861614
0.015485854828280316      0.28193277149962054
0.01550553189921841       0.28065162390171805
0.015525208970156504      0.2793709516260059
0.015544886041094597      0.27809075652305576
0.015564563112032692      0.2768110404429057
0.015584240182970787      0.2755318052350816
0.015603917253908882      0.27361449897369744
0.015623594324846975      0.27238248846731183
0.015643271395785068      0.2711508485649164
0.015662948466723167      0.2699195811059989
0.015682625537661258      0.2686886879296094
0.015702302608599353      0.26745817087438944
0.015721979679537448      0.26622803177856236
0.01574165675047554       0.26526827375629763
0.015761333821413637      0.2639478205562254
0.015781010892351732      0.26262771535407897
0.015800687963289824      0.2613079600937024
0.01582036503422792       0.25998855671855137
0.015840042105166013      0.2586695071716734
0.015859719176104105      0.2573508133957225
0.0158793962470422        0.2560324773329509
0.015899073317980295      0.25471450092520365
0.01591875038891839       0.2533968861139282
0.015938427459856484      0.25207963484016027
0.01595810453079458       0.25076274904452966
0.015977781601732674      0.24944623066725546
0.01599745867267077       0.24813008164814734
0.016017135743608864      0.24681430392659393
0.01603681281454696       0.24549889944158396
0.01605648988548505       0.24418387013166926
0.016076166956423145      0.24286921793500102
0.01609584402736124       0.2418704711561746
0.016115521098299335      0.24047411649421502
0.016135198169237426      0.23907805441387706
0.016154875240175524      0.23768228690714707
0.016174552311113616      0.23628681596568252
0.01619422938205171       0.23489164358079778
0.016213906452989806      0.2334967717434754
0.0162335835239279        0.23210220244434787
0.016253260594865995      0.23070793767370804
0.016272937665804087      0.22931397942150508
0.016292614736742185      0.2279203296773383
0.016312291807680276      0.22652699043045998
0.01633196887861837       0.22513396366977295
0.01635164594955647       0.2237412513838275
0.01637132302049456       0.22234885556081682
0.016391000091432652      0.2209567781885813
0.01641067716237075       0.21925699734419604
0.016430354233308842      0.21798981533090084
0.016450031304246937      0.21672284737198017
0.016469708375185035      0.2154560953863212
0.016489385446123127      0.21418956129255864
0.016509062517061218      0.21292324700907375
0.016528739587999313      0.21165715445399058
0.016548416658937408      0.21039128554517234
0.0165680937298755        0.20912564220022606
0.016587770800813594      0.20786022633649395
0.016607447871751693      0.20659503987105504
0.016627124942689784      0.20533008472072528
0.016646802013627875      0.20406536280204854
0.01666647908456597       0.2028008760313023
0.016686156155504065      0.20153662632450045
0.016705833226442156      0.20027261559737003
0.016725510297380255      0.1990088457653813
0.016745187368318346      0.19774531874371443
0.016764864439256438      0.19648203644727488
0.016784541510194536      0.1949448889054222
0.01680421858113263       0.19355141048284424
0.016823895652070722      0.19215809414476748
0.016843572723008817      0.19076494189332538
0.016863249793946912      0.18937195573045326
0.016882926864885007      0.1879791376578848
0.016902603935823098      0.18658648967715813
0.0169222810067612        0.18519401378960237
0.01694195807769929       0.18380171199634995
0.016961635148637386      0.18240958629832504
0.01698131221957548       0.18101763869623666
0.017000989290513576      0.17962587119059603
0.01702066636145167       0.17823428578169792
0.017040343432389766      0.1768428844696224
0.01706002050332786       0.17545166925423666
0.017079697574265952      0.1740606421351905
0.017099374645204047      0.17266980511191451
0.017119051716142142      0.1712791601836268
0.017138728787080233      0.1698887093493127
0.017158405858018325      0.16849845460773316
0.01717808292895642       0.16710839795743493
0.017197759999894514      0.16571854139673517
0.01721743707083261       0.16450100862650488
0.017237114141770704      0.16317727616710137
0.017256791212708802      0.16185366839035698
0.017276468283646894      0.16053018725381624
0.01729614535458499       0.15920683471486172
0.017315822425523084      0.15788361273072807
0.01733549949646118       0.15656052325848543
0.017355176567399273      0.15523756825504567
0.017374853638337368      0.1539147496771673
0.01739453070927546       0.15259206948143264
0.017414207780213558      0.15126952962427245
0.01743388485115165       0.149947132061942
0.017453561922089744      0.1486248787505316
0.01747323899302784       0.14725698115482722
0.017492916063965934      0.14587482210286237
0.01751259313490403       0.14449277511978273
0.017532270205842124      0.14311084221635675
0.01755194727678022       0.14172902540323093
0.017571624347718317      0.1403473266909007
0.01759130141865641       0.13896574808972048
0.017610978489594503      0.13758429160989563
0.017630655560532595      0.1362029592614898
0.01765033263147069       0.13482175305442798
0.017670009702408784      0.13355575006924628
0.017689686773346876      0.13222147090628117
0.01770936384428497       0.1308872680523068
0.01772904091522307       0.12955314348630645
0.01774871798616116       0.12821909918713525
0.017768395057099255      0.1268851371335734
0.01778807212803735       0.1255512593042763
0.017807749198975445      0.12421746767780625
0.01782742626991354       0.1228837642326172
0.01784710334085163       0.12155015094704351
0.017866780411789726      0.12021662979932358
0.017886457482727817      0.11888320276756983
0.017906134553665912      0.11754987182978924
0.017925811624604007      0.11621663896386694
0.0179454886955421        0.11488350614757152
0.017965165766480194      0.11355047535855485
0.01798484283741829       0.11221754857433722
0.018004519908356383      0.11088472777233487
0.018024196979294478      0.10955201492981309
0.018043874050232573      0.10821941202393148
0.018063551121170668      0.10665892589920664
0.01808322819210876       0.10528172163518389
0.018102905263046858      0.10390459954148921
0.01812258233398495       0.10252756163814222
0.018142259404923044      0.10115060994504395
0.018161936475861135      0.10019274771110417
0.018181613546799234      0.09881067680204197
0.018201290617737325      0.0974286529576542
0.01822096768867542       0.09604667819542867
0.018240644759613518      0.0945633457006825
0.01826032183055161       0.09323089424001346
0.018279998901489704      0.09189846884601044
0.0182996759724278        0.09056607150002403
0.018319353043365894      0.08923370418334269
0.018339030114303986      0.08790136887721745
0.018358707185242084      0.0865690675628555
0.01837838425618018       0.08523680222140832
0.01839806132711827       0.08390457483398268
0.018417738398056365      0.08257238738163614
0.01843741546899446       0.0812402418453576
0.018457092539932555      0.07990814020609688
0.01847676961087065       0.07857608444473713
0.018496446681808745      0.0772440765421054
0.01851612375274684       0.07591211847896484
0.01853580082368493       0.07458021223601322
0.01855547789462303       0.07324835979389908
0.01857515496556112       0.07191656313318479
0.018594832036499215      0.07058482423437706
0.01861450910743731       0.06929857855744453
0.018634186178375405      0.06797234352406252
0.0186538632493135        0.06664616193770656
0.018673540320251595      0.06532003573514034
0.018693217391189686      0.0639939668530513
0.01871289446212778       0.06235998284316762
0.018732571533065876      0.0610435411408243
0.01875224860400397       0.05972711388358969
0.018771925674942062      0.05858172975735585
0.018791602745880157      0.057242678980782884
0.018811279816818256      0.055903626386241446
0.018830956887756347      0.05456457393721267
0.01885063395869444       0.05322552359714344
0.018870311029632537      0.051886477329487715
0.018889988100570628      0.050547437097683064
0.018909665171508723      0.04920840486514757
0.01892934224244682       0.04786938259529307
0.018949019313384913      0.04653037225150251
0.018968696384323004      0.045191375797142115
0.0189883734552611        0.043852395195561944
0.019008050526199194      0.04251343241007893
0.019027727597137285      0.041174489403997525
0.01904740466807538       0.03983556814058481
0.01906708173901348       0.038496670583080435
0.019086758809951573      0.03715779869469992
0.019106435880889665      0.03581895443862117
0.01912611295182776       0.034480139777990665
0.019145790022765855      0.033141356675916576
0.019165467093703946      0.03181877475587074
0.019185144164642044      0.0304968194261265
0.019204821235580136      0.02917486302250121
0.019224498306518227      0.027852907502944495
0.019244175377456325      0.026530954825388937
0.01926385244839442       0.02520900694776554
0.01928352951933251       0.023887065827996913
0.01930320659027061       0.022565133423988443
0.019322883661208705      0.021243211693641066
0.0193425607321468        0.01992130259483483
0.019362237803084895      0.018599408085439535
0.019381914874022993      0.017277530123296577
0.019401591944961084      0.01595567066624135
0.01942126901589918       0.014633831672076858
0.019440946086837274      0.01331201509859066
0.01946062315777537       0.011990222903537837
0.01948030022871346       0.010668457044654585
0.019499977299651555      0.009346719479641006
0.01951965437058965       0.008025012166171262
0.019539331441527745      0.0067033370618864215
0.01955900851246584       0.005381696124394569
0.019578685583403935      0.004060091311265855
0.01959836265434203       0.0027385245800356
0.019618039725280124      0.0014169978882006902
0.01963771679621822       -2.4184163632630783E-4
