% Model:              Two_segments_demag.mph
% Version:            COMSOL 5.6.0.341
% Date:               Feb 13 2022, 14:45
% Dimension:          1
% Nodes:              1000
% Expressions:        1
% Description:        Line graph
% s                       Height
0                         -2.4375850154410004E-4
0                         0.0010164309207899088
1.645745892907844E-5      0.0022766336861278656
3.291491785815552E-5      0.003536848682579527
4.9372376787234504E-5     0.004797074798281249
6.582983571631361E-5      0.006057310921371011
8.22872946453914E-5       0.007317555939954401
9.874475357446821E-5      0.008763693897973024
1.1520221250354578E-4     0.009995291446166454
1.3165967143262647E-4     0.011226912820753486
1.4811713036170246E-4     0.012458556931923527
1.6457458929078106E-4     0.013690222689840858
1.81032048219863E-4       0.014921909004661298
1.9748950714893875E-4     0.016153614786527076
2.139469660780173E-4      0.01738533894556428
2.3040442500709318E-4     0.01861708039189295
2.4686188393617325E-4     0.0198488380356146
2.633193428652501E-4      0.02108061078682561
2.797768017943304E-4      0.0223123975556061
2.962342607234082E-4      0.023544197252032138
3.126917196524861E-4      0.024776008786165808
3.291491785815652E-4      0.026007831068066558
3.4560663751064246E-4     0.027239663007776152
3.6206409643972084E-4     0.028471503515340887
3.7852155536879776E-4     0.029703351500788684
3.949790142978767E-4      0.030935205874151758
4.11436473226954E-4       0.032167065545448216
4.2789393215603275E-4     0.03339892942469337
4.443513910851111E-4      0.03463079642190126
4.608088500141901E-4      0.035862665447081325
4.7726630894326594E-4     0.037094535410233526
4.93723767872346E-4       0.038326405221362485
5.101812268014242E-4      0.03955827379046832
5.266386857305034E-4      0.040790140027549125
5.430961446595808E-4      0.0420220028426021
5.595536035886592E-4      0.04335312423216765
5.760110625177377E-4      0.04459854779092786
5.924685214468166E-4      0.04584399744296762
6.089259803758934E-4      0.047089472092244775
6.253834393049714E-4      0.04833497064270577
6.418408982340496E-4      0.04958049199827668
6.582983571631277E-4      0.05082603506287177
6.747558160922058E-4      0.05207159874038173
6.91213275021285E-4       0.05331718193468833
7.076707339503638E-4      0.05456278354965282
7.241281928794394E-4      0.05580840248912864
7.405856518085178E-4      0.057054037656947804
7.570431107375975E-4      0.0582996879569364
7.735005696666772E-4      0.05954535229289868
7.899580285957539E-4      0.06079102956864012
8.064154875248318E-4      0.0620367186879403
8.228729464539104E-4      0.06328241855457577
8.393304053829904E-4      0.06452812807231535
8.557878643120674E-4      0.06577384614491445
8.722453232411437E-4      0.06701957167611271
8.887027821702239E-4      0.06826530356965582
9.051602410993015E-4      0.06951104072927214
9.216177000283788E-4      0.07075678205868056
9.380751589574592E-4      0.07200252646160188
9.54532617886536E-4       0.07324827284174458
9.709900768156131E-4      0.07449402010281288
9.874475357446936E-4      0.07591473013946214
0.0010039049946737716     0.07718293503304091
0.00102036245360285       0.07829047152015711
0.0010368199125319283     0.07953995004567867
0.001053277371461005      0.08078948196623023
0.0010697348303900821     0.0820390661665914
0.0010861922893191636     0.08328870153151131
0.0011026497482482399     0.08453838694570091
0.001119107207177317      0.08578812129382928
0.0011355646661063963     0.08703790346053909
0.0011520221250354752     0.08828773233043938
0.001168479583964552      0.08953760678809647
0.0011849370428936308     0.09078752571805317
0.0012013945018227094     0.09203748800481071
0.0012178519607517892     0.09328749253284326
0.0012343094196808648     0.09453753818660075
0.0012507668786099456     0.09578762385048883
0.0012672243375390234     0.09703774840889214
0.0012836817964681003     0.09828791074616365
0.0013001392553971785     0.09953810974662565
0.001316596714326257      0.10078834429457562
0.0013330541732553343     0.10203861327427789
0.001349511632184411      0.10328891556997825
0.0013659690911134903     0.1045392500658872
0.0013824265500425692     0.10578961564619918
0.0013988840089716476     0.10704001119507146
0.0014153414679007245     0.10829043559664805
0.0014317989268298032     0.10954088773503848
0.0014482563857588808     0.11079136649433875
0.0014647138446879603     0.11204187075861174
0.0014811713036170396     0.1135171542661833
0.001497628762546116      0.11481668184568347
0.0015140862214751952     0.11586972437285128
0.0015305436804042745     0.11713497544723352
0.0015470011393333492     0.11840030374776388
0.0015634585982624287     0.11966570814393193
0.001579916057191507      0.12093118750515171
0.0015963735161205854     0.12219674070080748
0.0016128309750496623     0.12346236660020936
0.001629288433978742      0.12472806407262996
0.001645745892907818      0.1259938319872913
0.0016622033518368994     0.12725966921335552
0.001678660810765977      0.12852557461993971
0.001695118269695056      0.12978645370289144
0.0017115757286241338     0.13104932427736607
0.0017280331875532105     0.1323122680948649
0.0017444906464822892     0.13357528405593339
0.0017609481054113687     0.1348383710610681
0.0017774055643404443     0.13610152801071143
0.0017938630232695234     0.1373647538052559
0.0018103204821986016     0.13862804734504774
0.0018267779411276818     0.13989140753037257
0.0018432354000567583     0.14115483326148132
0.0018596928589858365     0.14241832343856067
0.0018761503179149143     0.1436818769617708
0.001892607776843992      0.144945492731203
0.0019090652357730714     0.14620916964691588
0.0019255226947021494     0.14770115576764672
0.001941980153631228      0.1489099775860199
0.0019584376125603067     0.14991793792646202
0.001974895071489385      0.1511946797807008
0.0019913525304184622     0.15247155155044775
0.002007809989347541      0.15374855212477975
0.002024267448276619      0.1550256803926959
0.0020407249072056976     0.15630293524309236
0.002057182366134776      0.15758031556479596
0.002073639825063854      0.15885782024653095
0.0020900972839929307     0.16013544817695619
0.00210655474292201       0.1614131982446295
0.002123012201851089      0.16269106933803246
0.002139469660780166      0.16396906034555814
0.0021559271197092457     0.16524717015551654
0.002172384578638323      0.16652539765614272
0.002188842037567403      0.16780374173558427
0.0022052994964964793     0.16908220128191012
0.002221756955425558      0.17036077518310355
0.0022382144143546366     0.17163946232707736
0.0022546718732837138     0.17291826160165213
0.0022711293322127935     0.17419717189458928
0.0022875867911418724     0.17547619209354381
0.0023040442500709495     0.17675532108611874
0.002320501709000028      0.1780345577598318
0.002336959167929107      0.17956072660757266
0.002353416626858184      0.18076642617477667
0.002369874085787263      0.18197227458103235
0.00238633154471634       0.18317827074143697
0.0024027890036454197     0.1843844135709892
0.0024192464625744955     0.18559070198460184
0.002435703921503575      0.18679713489707273
0.0024521613804326537     0.1879016765441731
0.0024686188393617317     0.1891775682518896
0.002485076298290809      0.1904536464328482
0.0025015337572198886     0.1917299099712672
0.0025179912161489666     0.19300635775123803
0.0025344486750780437     0.1942829886567354
0.002550906134007123      0.19555980157159644
0.0025673635929362015     0.19683679537954776
0.0025838210518652795     0.1981139689641903
0.002600278510794358      0.19939132120900202
0.002616735969723436      0.20066885099733964
0.0026331934286525135     0.20194655721244134
0.0026496508875815923     0.20322443873742527
0.002666108346510671      0.20450249445529187
0.0026825658054397492     0.2057807232489164
0.0026990232643688272     0.2070591240010744
0.002715480723297905      0.20833769559439258
0.0027319381822269824     0.20961643691141316
0.0027483956411560604     0.21089534683454167
0.00276485310008514       0.21191164746207558
0.002781310559014218      0.21319412455943346
0.0027977680179432957     0.21447682924872266
0.0028142254768723745     0.21575976041411152
0.0028306829358014517     0.21704291693961453
0.00284714039473053       0.21832629770909495
0.002863597853659608      0.2196099016062677
0.002880055312588687      0.22089372751470202
0.0028965127715177654     0.22217777431781377
0.002912970230446844      0.2234620408988715
0.0029294276893759206     0.22474652614099697
0.0029458851483049994     0.22603122892716496
0.0029623426072340766     0.2273161481402046
0.002978800066163156      0.2286012826627994
0.002995257525092234      0.22988663137749088
0.0030117149840213128     0.23117219316666687
0.0030281724429503908     0.23240870236673294
0.00304462990187947       0.23358204168011043
0.003061087360808547      0.2347556364483346
0.003077544819737625      0.23592948561123045
0.003094002278666703      0.23710358810844745
0.003110459737595782      0.23827794287947263
0.003126917196524859      0.23945254886362102
0.003143374655453938      0.24062740500003976
0.003159832114383017      0.2418025102277168
0.003176289573312094      0.2429778634854635
0.003192747032241173      0.24415346371193444
0.003209204491170251      0.24532930984560605
0.0032256619500993277     0.2465054008248073
0.0032421194090284074     0.24768173558768555
0.003258576867957484      0.2493888424962635
0.0032750343268865643     0.25060266246628266
0.0032914917858156423     0.25181680104568893
0.0033079492447447207     0.25303125717444974
0.0033244067036737983     0.2542460297923115
0.0033408641626028767     0.2554611178388167
0.003357321621531955      0.2566765202533018
0.0033737790804610327     0.25789223597489414
0.0033902365393901116     0.2591082639425148
0.00340669399831919       0.26032460309487676
0.0034231514572482685     0.26154125237049475
0.003439608916177347      0.26275821070766914
0.003456066375106425      0.26397547704450175
0.0034725238340355025     0.26519305031888935
0.003488981292964582      0.26641092946852757
0.00350543875189366       0.2676291134309053
0.003521896210822738      0.2688476011433118
0.0035383536697518154     0.270066391542839
0.0035548111286808942     0.2712854835663678
0.0035712685876099727     0.27250487615059316
0.003587726046539051      0.2737245682319928
0.0036041835054681282     0.27494455874686125
0.0036206409643972062     0.2761648466312853
0.003637098423326285      0.277385430821161
0.0036535558822553627     0.2786063102521789
0.003670013341184441      0.27906231481386057
0.0036864708001135187     0.28019233409267763
0.003702928259042597      0.2821053479947412
0.0037193857179716756     0.2832339121630217
0.0037358431769007544     0.284362874898869
0.0037523006358298324     0.28549223522536304
0.0037687580947589104     0.2866219921653167
0.0037852155536879893     0.28775214474128374
0.0038016730126170678     0.2888826919755678
0.0038181304715461445     0.2900136328902002
0.003834587930475224      0.2911449665069647
0.003851045389404301      0.29227669184738847
0.00386750284833338       0.2934088079327338
0.0038839603072624586     0.2945413137840164
0.0039004177661915366     0.2956742084219927
0.003916875225120614      0.2968074908671617
0.003933332684049693      0.2979411601397716
0.003949790142978771      0.29907521525981673
0.003966247601907848      0.3002096552470352
0.003982705060836927      0.3013444791209155
0.003999162519766005      0.30247968590069246
0.004015619978695083      0.30361527460534926
0.004032077437624162      0.3047512442536152
0.004048534896553241      0.30588759386397624
0.004064992355482318      0.30702432245465944
0.004081449814411398      0.3081614290436496
0.004097907273340476      0.30929891264867837
0.004114364732269555      0.3104367722872271
0.004130822191198631      0.31157500697653695
0.004147279650127711      0.31202691960616435
0.004163737109056788      0.3130017354487402
0.004180194567985867      0.3145250149514438
0.004196652026914945      0.31557369566683346
0.004213109485844023      0.3166228918539899
0.0042295669447731015     0.31767260262543473
0.004246024403702179      0.3187228270933643
0.004262481862631258      0.3197735643696351
0.0042789393215603355     0.3208248135657744
0.004295396780489415      0.32187657379297546
0.004311854239418492      0.32292884416210366
0.004328311698347571      0.32398162378369083
0.004344769157276649      0.3250349117679437
0.004361226616205728      0.32608870722473243
0.004377684075134806      0.3271430092636038
0.004394141534063886      0.32819781699377126
0.004410598992992963      0.32925312952412294
0.004427056451922041      0.33030894596322063
0.004443513910851119      0.3313652654192946
0.004459971369780198      0.33242208700025155
0.004476428828709277      0.3334794098136712
0.004492886287638355      0.3345372329668047
0.004509343746567433      0.3355955555665845
0.004525801205496511      0.33665437671961224
0.00454225866442559       0.33771369553216757
0.004558716123354668      0.33877351111020626
0.004575173582283746      0.3398338225593596
0.004591631041212824      0.3408946289849294
0.0046080885001419025     0.3416515868967484
0.004624545959070979      0.3425051305979594
0.004641003418000058      0.34335921501163574
0.004657460876929136      0.34421383934193417
0.0046739183358582145     0.3450690027926504
0.0046903757947872925     0.3459247045672315
0.0047068332537163705     0.34678094386877467
0.004723290712645448      0.347637719900039
0.004739748171574526      0.348495031863417
0.004756205630503604      0.34935287896096906
0.0047726630894326825     0.35021126039439937
0.0047891205483617605     0.35107017536507057
0.0048055780072908385     0.3519296230739964
0.0048220354662199165     0.352789602721839
0.0048384929251489945     0.35378631305693997
0.004854950384078073      0.3547200875105012
0.0048714078430071505     0.35565450468768856
0.004887865301936229      0.35658956380875234
0.004904322760865307      0.357525264093529
0.004920780219794385      0.35846160476144623
0.0049372376787234626     0.35939858503151584
0.004953695137652542      0.3603362041223417
0.004970152596581619      0.36127446125211116
0.004986610055510699      0.3622133556386054
0.005003067514439776      0.3631528864991921
0.005019524973368854      0.3640930530508338
0.005035982432297932      0.36503385451006976
0.00505243989122701       0.3657540089601141
0.005068897350156088      0.3664709613386338
0.005085354809085166      0.3671885885962184
0.005101812268014244      0.3679068900550665
0.005118269726943322      0.368625865036948
0.005134727185872401      0.36934551286319084
0.005151184644801479      0.3700658328546968
0.005167642103730557      0.3707868243319336
0.005184099562659636      0.37150848661493535
0.005200557021588714      0.37223081902330496
0.005217014480517792      0.3729538208762174
0.005233471939446871      0.37367749149241236
0.005249929398375949      0.3744018301902012
0.005266386857305028      0.3751268362874656
0.005282844316234105      0.375808053279467
0.005299301775163184      0.3765749585525766
0.005315759234092262      0.37734243691945574
0.005332216693021341      0.37811048774358097
0.005348674151950419      0.3788791103880219
0.005365131610879497      0.3796483042154745
0.005381589069808575      0.3804180685882938
0.005398046528737654      0.38118840286843336
0.005414503987666732      0.3819593064174884
0.00543096144659581       0.3827307785966839
0.0054474189055248885     0.38350281876688413
0.005463876364453966      0.3842754262885672
0.0054803338233830445     0.3849511713131198
0.0054967912823121225     0.38551195718972797
0.0055132487412412005     0.38607333355706336
0.0055297062001702785     0.38663529987809164
0.005546163659099357      0.3871978556154346
0.005562621118028435      0.3877610002313105
0.005579078576957513      0.3883247331875463
0.005595536035886591      0.3888890539456317
0.005611993494815669      0.38945396196661863
0.005628450953744748      0.39001945671121047
0.005644908412673825      0.3905855376397273
0.005661365871602903      0.39115220421208435
0.005677823330531982      0.39186193352615084
0.00569428078946106       0.3924975595703029
0.005710738248390139      0.3931338731001113
0.005727195707319217      0.39377087359054996
0.005743653166248295      0.39440856051614387
0.005760110625177374      0.39504693335097657
0.005776568084106451      0.39568599156869166
0.00579302554303553       0.3963257346424875
0.005809483001964608      0.39696616204512253
0.005825940460893687      0.3976072732489155
0.005842397919822765      0.39824906772574126
0.005858855378751843      0.3985134389625868
0.005875312837680921      0.39896877812604037
0.005891770296609999      0.39942480298692146
0.005908227755539076      0.39988151310951775
0.005924685214468155      0.4003389080576699
0.005941142673397233      0.4007969873947885
0.005957600132326312      0.4012557506838368
0.005974057591255388      0.40171519748733114
0.005990515050184467      0.40217532736735584
0.006006972509113546      0.402783696188286
0.006023429968042625      0.40327024688987734
0.006039887426971703      0.40375740324657267
0.00605634488590078       0.4042451648545162
0.006072802344829859      0.40473353130945805
0.006089259803758937      0.40522250220675593
0.0061057172626880155     0.4057120771413746
0.006122174721617093      0.4062022557078821
0.006138632180546171      0.40669303750046054
0.0061550896394752495     0.40718442211289385
0.0061715470984043275     0.40767640913857517
0.006188004557333406      0.4081689981705092
0.0062044620162624835     0.40866218880130134
0.006220919475191564      0.4091559806231748
0.006237376934120641      0.409763410315721
0.006253834393049719      0.4100938966445539
0.006270291851978797      0.4104249878610259
0.006286749310907877      0.4107566836397435
0.006303206769836954      0.41108898365491287
0.006319664228766032      0.4114218875803527
0.006336121687695111      0.41175539508948317
0.00635257914662419       0.4120895058553369
0.006369036605553267      0.41242421955054914
0.006385494064482346      0.4127595358473669
0.006401951523411424      0.4130954544176393
0.006418408982340502      0.41343197493282735
0.00643486644126958       0.41376909706399884
0.006451323900198658      0.41410682048182934
0.006467781359127738      0.41444514485660383
0.006484238818056815      0.41478406985821303
0.006500696276985894      0.41512359515615965
0.006517153735914971      0.4154637204195535
0.00653361119484405       0.4158044453171119
0.006550068653773128      0.41614576951716536
0.0065665261127022066     0.4164876926876489
0.006582983571631284      0.4168302144961115
0.006599441030560363      0.4171733346097083
0.0066158984894894406     0.41751705269520867
0.0066323559484185194     0.41786136841898647
0.0066488134073475974     0.4182062814470291
0.006665270866276676      0.4185517914449362
0.0066817283252057534     0.4190617632561431
0.006698185784134832      0.418263168634556
0.00671464324306391       0.4195526162492749
0.0067311007019929875     0.4197850596675507
0.006747558160922066      0.4200180331471231
0.0067640156198511435     0.4202515364950113
0.006780473078780223      0.420485569517887
0.0067969305377093        0.42072013202207303
0.006813387996638379      0.42095522381354245
0.006829845455567456      0.421190844697922
0.006846302914496536      0.42142699448048976
0.006862760373425613      0.42166367296617524
0.006879217832354692      0.4219008799595609
0.006895675291283769      0.42213861526488056
0.006912132750212849      0.4223768786860212
0.006928590209141926      0.4226156700265217
0.006945047668071005      0.4228549890895745
0.006961505127000084      0.42309483567802275
0.006977962585929163      0.42333520959436394
0.00699442004485824       0.42357611064074857
0.007010877503787319      0.42381753861897836
0.007027334962716398      0.42405949333050996
0.007043792421645475      0.4243019745764524
0.007060249880574554      0.4245449821575681
0.007076707339503631      0.42478851587427213
0.007093164798432711      0.4250325755266356
0.0071096222573617885     0.42527716091438017
0.007126079716290867      0.4255222718368823
0.0071425371752199445     0.425767908093173
0.007158994634149024      0.4260140694819376
0.007175452093078101      0.4262607558015118
0.00719190955200718       0.42650796684989056
0.007208367010936257      0.4267557024247201
0.007224824469865337      0.42617971765650015
0.007241281928794414      0.4263122067899857
0.007257739387723493      0.4264451731860878
0.007274196846652572      0.4265786167074253
0.007290654305581651      0.4267125372162971
0.007307111764510728      0.42684693457468964
0.007323569223439807      0.4269818086442689
0.007340026682368886      0.42711715928638794
0.007356484141297963      0.42791565617836325
0.007372941600227042      0.4280158273392676
0.007389399059156119      0.4281165159742417
0.007405856518085199      0.42821772198811375
0.007422313977014276      0.42831944528537164
0.007438771435943355      0.4284216857701598
0.007455228894872432      0.4285244433462844
0.0074716863538015115     0.42862771791720683
0.007488143812730589      0.42873150938605076
0.0075046012716596675     0.4288358176555961
0.007521058730588745      0.4289406426282837
0.007537516189517824      0.4290459842062118
0.0075539736484469015     0.4291518422911384
0.00757043110737598       0.4292582167844804
0.007586888566305059      0.4293651075873154
0.007603346025234138      0.42947251460037783
0.007619803484163215      0.4295804377240623
0.007636260943092292      0.42968887685842344
0.007652718402021372      0.42979783190317516
0.007669175860950449      0.4299073027576889
0.007685633319879528      0.43001728932099925
0.007702090778808605      0.43012779149179653
0.007718548237737685      0.43023880916843227
0.007735005696666762      0.4298308783711713
0.007751463155595841      0.4299229024264422
0.007767920614524918      0.4300153870532824
0.007784378073453998      0.4301083321799067
0.007800835532383075      0.43020173773422377
0.007817292991312154      0.4307691771850178
0.007833750450241232      0.4307964795294212
0.00785020790917031       0.4308242704416652
0.007866665368099388      0.4308525498971644
0.007883122827028466      0.43088131787101264
0.007899580285957544      0.4309105743379771
0.007916037744886622      0.43094031927250254
0.0079324952038157        0.43097055264870954
0.007948952662744778      0.4310012744403945
0.007965410121673858      0.43103248462102994
0.007981867580602936      0.4310641831637659
0.007998325039532014      0.43109637004142637
0.008014782498461092      0.4311290452265133
0.008031239957390171      0.43116220869120436
0.00804769741631925       0.4311958604073523
0.008064154875248327      0.43123000034648784
0.008080612334177405      0.4312646284798176
0.008097069793106485      0.43129974477822314
0.008113527252035563      0.43133534921226385
0.008129984710964641      0.431371441752175
0.00814644216989372       0.4314080223678673
0.008162899628822797      0.43144509102892914
0.008179357087751875      0.43148264770462447
0.008195814546680953      0.43107779372858096
0.008212272005610031      0.43104835363813643
0.00822872946453911       0.43101936954982223
0.008245186923468187      0.4309908414761575
0.008261644382397265      0.4309627694293575
0.008278101841326345      0.4309351534213335
0.008294559300255423      0.4312799836574658
0.008311016759184501      0.4312436665746686
0.008327474218113579      0.43120785347267077
0.008343931677042659      0.43117254439460995
0.008360389135971737      0.43113773938328964
0.008376846594900815      0.4311034384811803
0.008393304053829893      0.43106964173041806
0.008409761512758972      0.4310363491728069
0.00842621897168805       0.43100356084981706
0.008442676430617128      0.4309712768025843
0.008459133889546206      0.4309394970719123
0.008475591348475284      0.4309082216982695
0.008492048807404362      0.430877450721792
0.00850850626633344       0.4308471841822819
0.008524963725262518      0.4308174221192077
0.008541421184191596      0.43078816457170416
0.008557878643120674      0.4307594115785728
0.008574336102049752      0.4307311631782802
0.008590793560978832      0.43070341940896134
0.00860725101990791       0.43067618030841515
0.008623708478836988      0.430649445914109
0.008640165937766066      0.43025102252837666
0.008656623396695146      0.4301470877163058
0.008673080855624224      0.4300436245567846
0.008689538314553302      0.4299406331375123
0.00870599577348238       0.4298381135458747
0.00872245323241146       0.429736065868945
0.008738910691340538      0.429634490193481
0.008755368150269616      0.4295333866059282
0.008771825609198694      0.42943275519241747
0.008788283068127772      0.42933259603876556
0.00880474052705685       0.429232909230477
0.008821197985985928      0.4291336948527395
0.008837655444915006      0.42924273103657284
0.008854112903844084      0.42912887198034144
0.008870570362773162      0.42901554604076103
0.00888702782170224       0.4289027533388003
0.00890348528063132       0.42879049399507374
0.008919942739560397      0.42867876812984634
0.008936400198489475      0.42856757586303135
0.008952857657418553      0.4284569173141907
0.008969315116347633      0.4283467926025338
0.00898577257527671       0.4282372018469212
0.009002230034205787      0.4281281451658593
0.009018687493134865      0.4280196226775053
0.009035144952063945      0.4279116344996625
0.009051602410993023      0.4278041807497841
0.009068059869922101      0.42769726154497173
0.00908451732885118       0.4275908770019734
0.009100974787780257      0.4274850272371864
0.009117432246709335      0.4273797123666565
0.009133889705638413      0.427274932506078
0.009150347164567491      0.4271706877707898
0.00916680462349657       0.4271377228755819
0.009183262082425647      0.42688986543169777
0.009199719541354725      0.4266425477084076
0.009216177000283805      0.4263957698914853
0.009232634459212881      0.4261495321663471
0.00924909191814196       0.4259038347180545
0.009265549377071037      0.425658677731313
0.009282006836000117      0.4254140613904742
0.009298464294929195      0.42516998587953486
0.009314921753858273      0.42492645138213314
0.009331379212787351      0.42468345808155467
0.009347836671716429      0.42444100616072755
0.009364294130645507      0.4241990958022252
0.009380751589574585      0.423957727188264
0.009397209048503663      0.42371690050070565
0.009413666507432741      0.4234766159210549
0.009430123966361819      0.4232368736304607
0.009446581425290897      0.42299767380971437
0.009463038884219975      0.42275901663925286
0.009479496343149053      0.4225209022991557
0.009495953802078131      0.4222833309691461
0.009512411261007209      0.42204630282858907
0.009528868719936289      0.42180981805649637
0.009545326178865367      0.42157387683151876
0.009561783637794445      0.4213384793319523
0.009578241096723523      0.42110362573573634
0.009594698555652603      0.4208693162204519
0.00961115601458168       0.4206355509633224
0.009627613473510759      0.4204023301412158
0.009644070932439837      0.42016965393064276
0.009660528391368915      0.41957790789217664
0.00967698585029799       0.41951538204349137
0.009693443309227069      0.4194626894000688
0.009709900768156147      0.419127394980952
0.009726358227085225      0.41879267971746503
0.009742815686014301      0.41845854393480525
0.009759273144943379      0.4181249879577897
0.009775730603872457      0.4177920121108569
0.009792188062801535      0.4174596167180666
0.009808645521730613      0.4171278021031011
0.009825102980659691      0.4167965685892595
0.00984156043958877       0.41646591649946496
0.009858017898517847      0.4161358461562577
0.009874475357446925      0.41580635788180004
0.009890932816376003      0.41547745199787384
0.009907390275305083      0.41514912882588023
0.009923847734234159      0.41482138868683954
0.009940305193163239      0.4144942319013939
0.009956762652092317      0.41416765878979916
0.009973220111021395      0.41384166967193703
0.009989677569950473      0.41351626486730303
0.010006135028879553      0.4131914446950117
0.01002259248780863       0.41286720947379935
0.01003904994673771       0.41254355952201716
0.010055507405666787      0.41222049515763604
0.010071964864595865      0.4118980166982448
0.010088422323524943      0.41157612446104813
0.01010487978245402       0.41125481876287334
0.0101213372413831        0.4109340999201586
0.010137794700312177      0.4106139682489604
0.010154252159241256      0.41000788399396076
0.010170709618170334      0.4095091973471059
0.010187167077099414      0.40901109060723445
0.01020362453602849       0.40851356417946283
0.01022008199495757       0.40801661846852294
0.010236539453886648      0.4075202538787722
0.010252996912815726      0.4070244708141875
0.010269454371744804      0.4065292696783669
0.010285911830673884      0.40603465087452717
0.01030236928960296       0.40554061480550935
0.01031882674853204       0.4050471618737674
0.010335284207461118      0.4045542924813824
0.010351741666390196      0.40409257502069923
0.010368199125319272      0.40363965796339657
0.01038465658424835       0.403187409469692
0.01040111404317743       0.4027358299748632
0.010417571502106506      0.4022849199137548
0.010434028961035584      0.4018346797207801
0.010450486419964662      0.4013851098299178
0.010466943878893742      0.4009362106747104
0.010483401337822818      0.4004879826882754
0.010499858796751898      0.4000404263032902
0.010516316255680974      0.3995935419520016
0.010532773714610054      0.39914733006621833
0.010549231173539132      0.398701791077319
0.01056568863246821       0.39831143534708074
0.01058214609139729       0.3976669827903028
0.010598603550326368      0.39702320702543376
0.010615061009255444      0.396380108580616
0.010631518468184524      0.3957376879835566
0.010647975927113602      0.395095945761519
0.01066443338604268       0.39445488244133564
0.010680890844971756      0.3938144985493971
0.010697348303900834      0.3931747946116583
0.010713805762829914      0.39253577115363203
0.01073026322175899       0.3918974287003964
0.010746720680688068      0.3912597677765851
0.010763178139617146      0.3906227889063989
0.010779635598546226      0.389983296158009
0.010796093057475304      0.38941602625837685
0.010812550516404382      0.38884933804719424
0.01082900797533346       0.3882832320637449
0.01084546543426254       0.3877177088469296
0.010861922893191617      0.38715276893528106
0.010878380352120695      0.38658841286695117
0.010894837811049773      0.3860246411796936
0.010911295269978851      0.38546145441090746
0.01092775272890793       0.38489885309760324
0.010944210187837007      0.38420366939461953
0.010960667646766087      0.38343724359445347
0.010977125105695165      0.3826713914727793
0.010993582564624241      0.3819061136652086
0.01101004002355332       0.3811414108069655
0.0110264974824824        0.3803772835329157
0.011042954941411477      0.3796137324775457
0.011059412400340555      0.37885075827495623
0.011075869859269633      0.37808836155890563
0.011092327318198713      0.37732654296273466
0.011108784777127791      0.3765653031194387
0.011125242236056869      0.3759112202662697
0.011141699694985947      0.3752020789947818
0.011158157153915027      0.37449361255379626
0.011174614612844103      0.3737858216073251
0.011191072071773183      0.37307870681894867
0.01120752953070226       0.37237226885180713
0.011223986989631339      0.3716665083686089
0.011240444448560417      0.3709614260316308
0.011256901907489495      0.37025702250270115
0.011273359366418574      0.36955329844322654
0.011289816825347652      0.3688502545141675
0.01130627428427673       0.3679923687624334
0.011322731743205808      0.3670937034533682
0.011339189202134888      0.366195693280223
0.011355646661063966      0.3652983389972217
0.011372104119993044      0.3644016413581791
0.01138856157892212       0.36350560111648533
0.0114050190378512        0.36261021902510676
0.011421476496780278      0.36171549583658485
0.011437933955709356      0.36082143230303965
0.011454391414638434      0.3600407680380556
0.011470848873567514      0.3592127118527532
0.01148730633249659       0.3583852226043994
0.01150376379142567       0.35755830105544933
0.011520221250354748      0.3567319479679856
0.011536678709283826      0.35590616410372744
0.011553136168212904      0.35508095022402136
0.011569593627141982      0.3542563070898492
0.01158605108607106       0.3534322354618192
0.011602508545000138      0.35260873610017035
0.011618966003929216      0.35178580976477336
0.011635423462858292      0.3509634572151272
0.011651880921787372      0.3499695217184398
0.01166833838071645       0.3489828967448444
0.01168479583964553       0.34799682712916546
0.011701253298574606      0.34701131371023386
0.011717710757503686      0.3460263573265133
0.011734168216432762      0.3450419588161053
0.01175062567536184       0.3440581190167577
0.01176708313429092       0.34307483876584816
0.01178354059322          0.34209211890039654
0.011799998052149078      0.3411099602570607
0.011816455511078156      0.3401283636721328
0.011832912970007234      0.33914732998154645
0.01184937042893631       0.3381668600208641
0.01186582788786539       0.33718695462528997
0.011882285346794466      0.33620761462966425
0.011898742805723546      0.3352288408684489
0.011915200264652624      0.3342506341757618
0.0119316577235817        0.33348756778381367
0.011948115182510778      0.33244367993227897
0.011964572641439858      0.3314002621630273
0.011981030100368936      0.33035731537941443
0.011997487559298012      0.32931484048448584
0.012013945018227092      0.3282728383809639
0.01203040247715617       0.3272313099712809
0.012046859936085248      0.32619025615755
0.012063317395014326      0.32514967784158016
0.012079774853943405      0.324109575924865
0.012096232312872482      0.32306995130859517
0.01211268977180156       0.3220308048936438
0.012129147230730638      0.320992137580578
0.012145604689659717      0.319953950269652
0.012162062148588795      0.3189162438608051
0.012178519607517875      0.3178790192536655
0.012194977066446953      0.31684227734754855
0.012211434525376033      0.3158060190414574
0.01222789198430511       0.314770245234083
0.012244349443234187      0.3128007328149599
0.012260806902163263      0.31176327499126877
0.012277264361092341      0.31072621411620804
0.012293721820021421      0.3096895511141931
0.0123101792789505        0.3086532869093687
0.012326636737879577      0.30810903033809495
0.012343094196808655      0.3069917486148064
0.012359551655737733      0.3058748745101369
0.012376009114666811      0.3047584090274063
0.012392466573595887      0.3036423531696575
0.012408924032524965      0.3025267079396722
0.012425381491454047      0.3014114743399606
0.012441838950383123      0.30029665337276285
0.012458296409312201      0.2991822460400516
0.012474753868241277      0.29806825334352904
0.012491211327170357      0.29695467628462296
0.012507668786099433      0.29584151586449386
0.012524126245028511      0.2947287730840263
0.012540583703957588      0.2936164489438366
0.012557041162886667      0.2925045444442653
0.012573498621815749      0.2913930605853784
0.012589956080744825      0.2902819983669672
0.012606413539673901      0.2891713587885541
0.01262287099860298       0.2880611428493818
0.01263932845753206       0.2869513515484137
0.012655785916461137      0.2859891348268511
0.012672243375390219      0.2847411471330735
0.012688700834319295      0.2834935095564434
0.012705158293248375      0.2822462231562794
0.012721615752177451      0.28099928899167187
0.012738073211106529      0.27975270812147723
0.012754530670035605      0.278506481604326
0.012770988128964685      0.27726061049860307
0.012787445587893761      0.2760150958624713
0.012803903046822841      0.27476993875385647
0.012820360505751917      0.2735251402304459
0.012836817964680993      0.27228070134969423
0.012853275423610073      0.271036623168824
0.012869732882539151      0.2697929067448154
0.012886190341468227      0.26854955313440865
0.012902647800397305      0.267306563394119
0.012919105259326385      0.26606393858021343
0.012935562718255465      0.2648216797487221
0.012952020177184543      0.26357978795543735
0.012968477636113621      0.2623382642559072
0.0129849350950427        0.26095562225699276
0.013001392553971777      0.25981383747755377
0.013017850012900855      0.25867232602636686
0.013034307471829933      0.2575310889406956
0.013050764930759016      0.2563901272576182
0.013067222389688094      0.2552494420140269
0.01308367984861717       0.254109034246632
0.013100137307546247      0.25296890499196295
0.013116594766475326      0.25182905528635274
0.013133052225404403      0.25068948616596776
0.013149509684333479      0.24955019866676537
0.013165967143262557      0.24841119382453528
0.013182424602191638      0.24725342761441346
0.013198882061120716      0.24599872854988322
0.013215339520049796      0.24474426700926954
0.013231796978978872      0.2434900440948417
0.013248254437907949      0.24223606090871516
0.01326471189683703       0.24098231855283936
0.013281169355766106      0.23972881812900498
0.013297626814695186      0.238475560738843
0.013314084273624264      0.23722254748381688
0.013330541732553344      0.23596977946523193
0.01334699919148242       0.2347172577842233
0.013363456650411498      0.23346498354176792
0.013379914109340576      0.23221295783867488
0.013396371568269654      0.2309611817755931
0.013412829027198732      0.2297096564529893
0.013429286486127812      0.22845838297118165
0.01344574394505689       0.22720736243031053
0.013462201403985966      0.2259565959303566
0.013478658862915046      0.2247060845711179
0.013495116321844122      0.22345582945223688
0.0135115737807732        0.22250889469281868
0.013528031239702277      0.2212004892535347
0.01354448869863136       0.2198922752636996
0.013560946157560438      0.21858425384693556
0.013577403616489516      0.21727642612674622
0.013593861075418592      0.21596879322649956
0.013610318534347672      0.21466135626943203
0.013626775993276748      0.21335411637864996
0.013643233452205826      0.21204707467712056
0.013659690911134904      0.21074023228768274
0.013676148370063987      0.2094335903330403
0.013692605828993065      0.20812714993575993
0.013709063287922141      0.20682091221827575
0.01372552074685122       0.20551487830288198
0.0137419782057803        0.20420904931174172
0.013758435664709375      0.20290342636687178
0.013774893123638454      0.20159801059016003
0.013791350582567532      0.20029280310335673
0.013807808041496611      0.19868893602617252
0.013824265500425691      0.19749708741601424
0.013840722959354767      0.19630537372329143
0.013857180418283845      0.1951137960309441
0.013873637877212922      0.19392235542182965
0.013890095336142001      0.192731052978706
0.01390655279507108       0.1915398897842313
0.013923010254000159      0.19034886692097402
0.013939467712929235      0.1891579854713995
0.013955925171858317      0.18796724651787905
0.013972382630787395      0.18677665114268652
0.013988840089716471      0.18558620042799331
0.014005297548645549      0.1843958954558714
0.014021755007574629      0.18320573730829753
0.014038212466503705      0.1820157270671437
0.014054669925432785      0.18082586581418097
0.014071127384361861      0.17963615463108107
0.014087584843290939      0.1784465945994111
0.014104042302220019      0.17725718680063554
0.014120499761149097      0.1759181448079215
0.014136957220078175      0.17461718319298986
0.014153414679007251      0.17331630907586723
0.014169872137936334      0.17201552357997663
0.014186329596865412      0.17071482782868438
0.014202787055794489      0.1694142229452805
0.014219244514723565      0.16811371005299655
0.014235701973652646      0.16681329027499903
0.014252159432581723      0.16551296473438518
0.014268616891510802      0.1642127345541841
0.014285074350439879      0.16291260085735546
0.014301531809368962      0.1616125647667957
0.014317989268298036      0.16031262740532776
0.014334446727227114      0.15901278989570292
0.014350904186156194      0.15771305336061064
0.014367361645085269      0.15641341892265612
0.014383819104014348      0.15511388770438403
0.014400276562943426      0.15381446082826017
0.014416734021872504      0.15251513941668182
0.014433191480801584      0.15121592459197108
0.014449648939730664      0.14991681747637467
0.014466106398659742      0.14861781919206143
0.014482563857588818      0.14731893086113798
0.014499021316517894      0.14602015360561563
0.014515478775446974      0.14472148854744418
0.014531936234376052      0.14342293680849366
0.014548393693305134      0.14212449951054795
0.01456485115223421       0.1408261777753215
0.01458130861116329       0.1395925459288802
0.014597766070092368      0.13835591999506888
0.014614223529021442      0.13711935207005477
0.014630680987950522      0.13588284325342995
0.014647138446879602      0.13464639464474693
0.01466359590580868       0.13341000734350703
0.014680053364737758      0.13217368244917116
0.014696510823666836      0.1309374210611474
0.014712968282595912      0.12970122427880273
0.014729425741524992      0.12846509320145502
0.014745883200454068      0.12722902892837545
0.014762340659383146      0.1259930325587838
0.014778798118312224      0.1247571051918559
0.014795255577241307      0.12352124792671151
0.014811713036170383      0.12228546186242542
0.014828170495099463      0.1210497480980207
0.01484462795402854       0.11981410773246534
0.01486108541295762       0.11857854186468111
0.014877542871886697      0.11734305159353274
0.014894000330815775      0.11610763801783267
0.014910457789744851      0.11474190604942616
0.014926915248673935      0.11346373991709943
0.014943372707603013      0.11218562034995849
0.014959830166532087      0.11090754847584694
0.014976287625461167      0.10962952542258886
0.014992745084390245      0.10835155231795929
0.015009202543319323      0.10707363028970471
0.015025660002248399      0.10579576046552695
0.015042117461177477      0.10451794397309189
0.015058574920106557      0.10324018194003388
0.015075032379035638      0.10196247549393343
0.015091489837964715      0.10068482576234578
0.01510794729689379       0.0994072338727765
0.015124404755822867      0.09812970095268558
0.015140862214751947      0.09714086484124924
0.015157319673681023      0.09585593549120917
0.015173777132610103      0.09457103544938689
0.015190234591539179      0.09328616584106411
0.015206692050468262      0.09200132779152709
0.015223149509397339      0.09071652242602253
0.015239606968326417      0.0894317508697765
0.015256064427255493      0.08817368803551856
0.015272521886184571      0.08692909403939449
0.015288979345113649      0.08568451827162195
0.015305436804042729      0.08443996184060139
0.015321894262971807      0.08319542585470029
0.015338351721900883      0.08195091142229143
0.015354809180829961      0.0807064196517137
0.015371266639759042      0.07946195165129674
0.015387724098688119      0.07821750852933962
0.015404181557617195      0.07697309139413576
0.015420639016546278      0.07572870135394737
0.015437096475475354      0.07448433951701439
0.01545355393440443       0.07324000699157131
0.01547001139333351       0.07199570488580262
0.015486468852262588      0.07075143430789918
0.015502926311191665      0.06950958301714742
0.015519383770120744      0.068280643378583
0.01553584122904982       0.06705172678957795
0.015552298687978902      0.06582283433996862
0.015568756146907982      0.06459396711957706
0.015585213605837056      0.06336512621820073
0.015601671064766133      0.06213631272562323
0.01561812852369521       0.06090752773160572
0.01563458598262429       0.05960916522302588
0.015651043441553367      0.05835689028742987
0.015667500900482446      0.057104620980807895
0.015683958359411526      0.055852358398394836
0.015700415818340606      0.05460010363545373
0.015716873277269682      0.053347857787217935
0.01573333073619876       0.05209562194892227
0.015749788195127835      0.05084339721578746
0.015766245654056914      0.049591184683025896
0.01578270311298599       0.048338985445841004
0.01579916057191507       0.047086800599419006
0.015815618030844147      0.04583463123894378
0.015832075489773226      0.04458247845957801
0.015848532948702303      0.04333034335647912
0.01586499040763138       0.042078227024786696
0.015881447866560455      0.040826130559621074
0.01589790532548953       0.0395740550561034
0.01591436278441861       0.03832200160932823
0.01593082024334769       0.03706997131436709
0.015947277702276767      0.03581796526630042
0.015963735161205847      0.03454095845434159
0.015980192620134927      0.033314867728659464
0.015996650079064006      0.032088778567373605
0.016013107537993083      0.030862692058871717
0.01602956499692216       0.029636609291555666
0.016046022455851242      0.028410531353799208
0.016062479914780322      0.027184459333987332
0.016078937373709398      0.025958394320494894
0.016095394832638475      0.02473233740168458
0.016111852291567554      0.02350628966592662
0.016128309750496634      0.02228025220157347
0.01614476720942571       0.021054226096969275
0.016161224668354787      0.019828212440457734
0.01617768212728387       0.018602212320366972
0.016194139586212946      0.017376226825017875
0.016210597045142026      0.016150257042725505
0.016227054504071102      0.014924304061783432
0.016243511963000182      0.013698368970484237
0.016259969421929258      0.01247245285710571
0.016276426880858338      0.011246556809910655
0.01629288433978742       0.01002068191715262
0.016309341798716494      0.008626103153776921
0.016325799257645573      0.0073732542572877355
0.016342256716574653      0.006120410313667263
0.01635871417550373       0.004867572431171144
0.016375171634432806      0.0036147417180890174
0.016391629093361886      0.002361919282659956
0.016408086552290962      0.0011091062331638646
0.01642454401122004       -1.436963221538271E-4
