% Model:              Two_segments_demag.mph
% Version:            COMSOL 5.6.0.341
% Date:               Feb 13 2022, 13:51
% Dimension:          1
% Nodes:              1000
% Expressions:        1
% Description:        Line graph
% s                       Height
0                         7.84840813762666E-5
0                         0.001930989363558917
3.637412749031532E-5      0.003783605221677045
7.274825498063895E-5      0.005636316198112903
1.0912238247095404E-4     0.007489106834722883
1.4549650996127753E-4     0.009341961672892128
1.8187063745159552E-4     0.011194865253629555
2.1824476494191353E-4     0.01304780211762433
2.5461889243223084E-4     0.014900756805324883
2.909930199225527E-4      0.016753713857025433
3.273671474128708E-4      0.01860665781292851
3.637412749031939E-4      0.020459573213234862
4.0011540239351276E-4     0.02231244459820822
4.3648952988383486E-4     0.024165256508249976
4.728636573741535E-4      0.026017993483987825
5.092377848644709E-4      0.027870640066353893
5.456119123547927E-4      0.02972318079662503
5.819860398451114E-4      0.031575600216560154
6.183601673354311E-4      0.033841486690283584
6.547342948257513E-4      0.03576527056108215
6.91108422316068E-4       0.037688942282949396
7.27482549806392E-4       0.03961248584927315
7.638566772967099E-4      0.04068785746070217
8.002308047870293E-4      0.04263414848561687
8.366049322773463E-4      0.044580481017724445
8.729790597676683E-4      0.04693218591110484
9.093531872579855E-4      0.04877289756875987
9.457273147483075E-4      0.05061375593094762
9.821014422386246E-4      0.05245474542889613
0.0010184755697289446     0.05429585049288733
0.0010548496972192644     0.05613705555227657
0.001091223824709583      0.05797834503564019
0.0011275979521999026     0.05981970337079962
0.0011639720796902259     0.061661114984924874
0.001200346207180542      0.06350256430461862
0.0012367203346708635     0.06534403575595142
0.0012730944621611856     0.06718551376458194
0.0013094685896515022     0.06902698275581694
0.0013458427171418243     0.0708684271546897
0.0013822168446321413     0.07270983138601932
0.0014185909721224621     0.07455117987452774
0.0014549650996127797     0.07639245704487228
0.0014913392271031017     0.07823364732174704
0.0015277133545934219     0.08007473512997035
0.0015640874820837395     0.08201598995694465
0.0016004616095740588     0.08395765957019591
0.00163683573706438       0.08589938582957826
0.0016732098645546977     0.08784115283708832
0.0017095839920450162     0.08978294469405379
0.0017459581195353395     0.09172474550129264
0.001782332247025658      0.09366653935910271
0.0018187063745159766     0.09560831036739813
0.0018550805020062986     0.09755004262575176
0.0018914546294966155     0.09949172023350053
0.0019278287569869349     0.10143332728978671
0.0019642028844772566     0.10337484789370449
0.002000577011967573      0.10512898340290018
0.002036951139457894      0.10699216436784025
0.0020733252669482153     0.10885540288447498
0.002109699394438534      0.11071868326979865
0.002146073521928851      0.11258198984000779
0.00218244764941917       0.11444530691066045
0.002218821776909491      0.11630861879667907
0.002255195904399813      0.11817190981248318
0.002291570031890131      0.12003516427203892
0.0023279441593804517     0.12204522979245586
0.0023643182868707683     0.12399742922698655
0.0024006924143610904     0.12594963491656078
0.00243706654185141       0.127901830712992
0.0024734406693417282     0.1298540004675733
0.002509814796832048      0.1318061280310893
0.002546188924322367      0.13367282682006612
0.0025825630518126873     0.13557874561411332
0.002618937179303009      0.13748477177423804
0.0026553113067933273     0.13939088924690995
0.002691685434283648      0.14129708197740204
0.002728059561773968      0.14320333390992382
0.0027644336892642864     0.14510962898767307
0.0028008078167546056     0.14701595115291202
0.0028371819442449234     0.14892228434705945
0.002873556071735244      0.1508286125107577
0.0029099301992255664     0.15273491958397167
0.002946304326715882      0.15464118950602926
0.002982678454206204      0.15654740621575808
0.0030190525816965264     0.15845355365148248
0.0030554267091868446     0.1607000924323249
0.0030918008366771633     0.16271059762353193
0.0031281749641674838     0.16472106240364467
0.0031645490916578024     0.16673147015721368
0.0032009232191481237     0.16817361371377218
0.0032372973466384385     0.1701601679897876
0.0032736714741287603     0.1721468546997615
0.003310045601619079      0.17413365723961205
0.0033464197291094007     0.17612055900379944
0.00338279385659972       0.1781075433854175
0.0034191679840900415     0.1800945937762245
0.003455542111580362      0.1820816935667767
0.0034919162390706793     0.18406671542733372
0.003528290366560998      0.1859934031624676
0.003564664494051319      0.18792024112839967
0.0036010386215416367     0.18984721328026238
0.003637412749031955      0.19177430357156974
0.003673786876522276      0.19370149595423314
0.003710161004012598      0.19562877437869994
0.0037465351315029184     0.19755612279399418
0.003782909258993235      0.19982302560710077
0.003819283386483555      0.20182404033685486
0.003855657513973875      0.2038253206210528
0.0038920316414641967     0.2058268501186979
0.003928405768954513      0.2078286124864927
0.003964779896444835      0.20983059137882124
0.004001154023935154      0.21183277044793042
0.004037528151425475      0.21383513334389223
0.004073902278915791      0.21583766371478671
0.004110276406406112      0.21784034520672005
0.004146650533896431      0.21984316146394378
0.00418302466138675       0.22184609612890085
0.004219398788877069      0.22381992623377928
0.004255772916367392      0.22582092975717302
0.004292147043857707      0.22782191900783366
0.0043285211713480305     0.2298228770523682
0.0043648952988383505     0.23182378695646014
0.004401269426328669      0.23423075757502118
0.00443764355381899       0.23554575752591073
0.004474017681309309      0.23762730428278112
0.004510391808799628      0.23998528840595007
0.004546765936289946      0.24200362374320103
0.004583140063780267      0.24402243045038136
0.004619514191270583      0.24604169178980473
0.004655888318760908      0.24806139102010483
0.004692262446251223      0.25008151139631446
0.004728636573741546      0.2521020361699658
0.004765010701231865      0.2541229485891537
0.0048013848287221834     0.25614423189862434
0.0048377589562125034     0.2581658693398626
0.0048741330837028226     0.26018784415118124
0.00491050721119314       0.2622101395677617
0.00494688133868346       0.2642327388217997
0.004983255466173781      0.2662556251425442
0.005019629593664098      0.2682787817563863
0.005056003721154418      0.27030219188693744
0.00509237784864474       0.2726276955205041
0.005128751976135058      0.27473068866154854
0.005165126103625379      0.2768342195502856
0.0052015002311157        0.27893827111100533
0.005237874358606019      0.2810428262638101
0.005274248486096338      0.28314786792467145
0.005310622613586656      0.2852533790055323
0.005346996741076976      0.2873593424144055
0.0053833708685672955     0.289465741055422
0.005419744996057613      0.29157255782894337
0.005456119123547938      0.2936797756316373
0.005492493251038254      0.2957873773565541
0.005528867378528574      0.29789534589321764
0.0055652415060188955     0.30000366412772034
0.005601615633509213      0.3021123149427817
0.00563798976099953       0.30422128121782793
0.005674363888489855      0.30633054582913105
0.005710738015980173      0.3081973094445022
0.005747112143470491      0.31031208764644685
0.005783486270960811      0.31242784354743924
0.005819860398451129      0.3145445597406569
0.0058562345259414485     0.31666221881252754
0.00589260865343177       0.31878080334275605
0.005928982780922089      0.32090029590443825
0.0059653569084124084     0.32302067906416265
0.006001731035902729      0.32514193538204106
0.00603810516339305       0.3272640474118491
0.0060744792908833676     0.32938699770109225
0.006110853418373688      0.33151076879107305
0.006147227545864008      0.3336353432170087
0.006183601673354326      0.33576070350810006
0.006219975800844644      0.3378868321876196
0.006256349928334963      0.34001371177298345
0.006292724055825284      0.34214132477586584
0.006329098183315605      0.3442696537022602
0.006365472310805921      0.34639868105258825
0.0064018464382962405     0.34852838932174635
0.006438220565786563      0.3510044182385811
0.0064745946932768805     0.3531849452171488
0.006510968820767198      0.3553665870366306
0.00654734294825752       0.35754932602646194
0.00658371707574784       0.3597331445083471
0.006620091203238162      0.36191802479632207
0.006656465330728483      0.3641039491968494
0.006692839458218801      0.36629090000890957
0.0067292135857091205     0.36847885952409754
0.006765587713199439      0.3706678100266778
0.006801961840689761      0.37285773379370557
0.006838335968180079      0.3750486130950935
0.006874710095670398      0.3772404301937008
0.006911084223160717      0.37943316734542043
0.006947458350651039      0.381626806799289
0.0069838324781413535     0.3838213307975269
0.007020206605631675      0.3860167215756602
0.007056580733121993      0.38821296136260736
0.007092954860612316      0.3904100323807495
0.0071293289881026334     0.3921027509430904
0.007165703115592953      0.39427773885897655
0.007202077243083272      0.39645453828338306
0.0072384513705735926     0.3986331317003863
0.007274825498063915      0.4008135015822635
0.007311199625554234      0.40299563038962344
0.007347573753044552      0.405179500571451
0.007383947880534872      0.4073650945652492
0.007420322008025191      0.40955239479707367
0.007456696135515512      0.4117413836816382
0.007493070263005832      0.41393204362240793
0.007529444390496151      0.41612435701167977
0.0075658185179864725     0.4183183062306609
0.00760219264547679       0.4205138736495632
0.007638566772967109      0.4227110416276894
0.007674940900457432      0.42490979251352
0.007711315027947751      0.42711010864478394
0.007747689155438066      0.42931197234857843
0.007784063282928387      0.4315153659414224
0.007820437410418707      0.4337202717293619
0.007856811537909026      0.43592667200803964
0.007893185665399345      0.43843995657832874
0.007929559792889665      0.44058591550126797
0.007965933920379987      0.44273395770901275
0.008002308047870306      0.44488406577345857
0.008038682175360625      0.44703622225301526
0.008075056302850945      0.44919040969268115
0.008111430430341264      0.45134661062413456
0.008147804557831585      0.45350480756582634
0.008184178685321904      0.45566498302306613
0.008220552812812225      0.4578271194881022
0.008256926940302542      0.45999119944019345
0.008293301067792861      0.46215720534573074
0.008329675195283182      0.4643251196582869
0.008366049322773503      0.46649492481872584
0.008402423450263822      0.46866660325527587
0.00843879757775414       0.4708401373836283
0.00847517170524446       0.47301550960700073
0.008511545832734781      0.475192702316251
0.008547919960225098      0.4773716978899494
0.008584294087715416      0.4795524786944591
0.008620668215205737      0.481735027084033
0.008657042342696058      0.4839193254009059
0.008693416470186377      0.4861053559753549
0.008729790597676696      0.48595292292579345
0.008766164725167017      0.48778110633344723
0.008802538852657337      0.4896113617329985
0.008838912980147655      0.4947312142016238
0.008875287107637977      0.4966476458577057
0.008911661235128297      0.49856691612218423
0.008948035362618614      0.5004890095368109
0.008984409490108933      0.5024139106253946
0.009020783617599252      0.50434160389392
0.009057157745089573      0.5062720738306006
0.009093531872579892      0.5082053049059618
0.009129906000070211      0.509713655376485
0.00916628012756053       0.5117654145408422
0.009202654255050851      0.5138205343153166
0.00923902838254117       0.5158789979712795
0.009275402510031491      0.5179407887592762
0.00931177663752181       0.5200058899090606
0.009348150765012128      0.5220742846297035
0.009384524892502449      0.5241459561096699
0.009420899019992768      0.5262208875169023
0.009457273147483087      0.5282990619988955
0.009493647274973408      0.5303804626827954
0.009530021402463725      0.5324650726754586
0.009566395529954046      0.534552875063557
0.009602769657444363      0.5366438529136481
0.009639143784934684      0.5387379892722584
0.009675517912425003      0.5394648035369021
0.00971189203991532       0.5413138770828115
0.009748266167405643      0.5431668502722066
0.009784640294895963      0.545023707371084
0.009821014422386287      0.5468844326214602
0.0098573885498766        0.5487490102414742
0.009893762677366922      0.5506174244254597
0.009930136804857244      0.5524189614642068
0.009966510932347562      0.5542470462321119
0.010002885059837879      0.556078618342577
0.010039259187328202      0.5579136635607912
0.010075633314818522      0.559752167630179
0.010112007442308842      0.5615941162724691
0.010148381569799159      0.5634394951877556
0.010184755697289482      0.5652882900545807
0.0102211298247798        0.5671404865299967
0.01025750395227012       0.5689960702496345
0.01029387807976044       0.5708550268277749
0.010330252207250762      0.5727173418574286
0.010366626334741077      0.574583000910383
0.010403000462231398      0.5764519895373
0.010439374589721719      0.5787125285968278
0.010475748717212038      0.5800694265482521
0.010512122844702357      0.5814300441045895
0.010548496972192676      0.5827943689026948
0.010584871099682995      0.5841623885562486
0.010621245227173316      0.5855340906558099
0.01065761935466364       0.5869094627688919
0.01069399348215396       0.5882884924400166
0.010730367609644275      0.58967116719077
0.010766741737134596      0.5910574745198767
0.010803115864624917      0.592447401903253
0.010839489992115236      0.593840936794069
0.010875864119605555      0.5952380666228213
0.010912238247095876      0.596638778797382
0.010948612374586197      0.5983799464480134
0.010984986502076514      0.6000185430685284
0.011021360629566837      0.6016615839174709
0.011057734757057156      0.6033090564690853
0.011094108884547474      0.6049609481703664
0.011130483012037794      0.6066172464411176
0.011166857139528114      0.6082779386740127
0.011203231267018434      0.6099430122346452
0.011239605394508752      0.6116124544616128
0.011275979521999071      0.613286252666557
0.011312353649489392      0.614084648230813
0.011348727776979711      0.6152058851644129
0.011385101904470028      0.6163317055925246
0.01142147603196035       0.6174620991443998
0.01145785015945067       0.6185970554212052
0.011494224286940989      0.6197365639960373
0.011530598414431308      0.620880614414006
0.011566972541921629      0.6220291961922778
0.011603346669411948      0.623182298820112
0.011639720796902267      0.6243247151747958
0.011676094924392588      0.625586996588012
0.011712469051882907      0.6268531127638257
0.011748843179373226      0.6281230539765363
0.011785217306863549      0.6293968104763668
0.011821591434353866      0.6306743724895832
0.011857965561844186      0.6319557302184675
0.011894339689334505      0.633240873841429
0.011930713816824826      0.6345297935130161
0.011967087944315145      0.6358224793639634
0.012003462071805464      0.6371189215012715
0.012039836199295785      0.6384191100081962
0.012076210326786104      0.639748211390844
0.012112584454276421      0.6405975291889748
0.012148958581766744      0.6414506689280671
0.012185332709257063      0.6423076226109237
0.012221706836747382      0.6431683822163036
0.012258080964237703      0.6440329396989196
0.012294455091728024      0.6449012869895415
0.012330829219218345      0.645773415994995
0.012367203346708662      0.6466493185982282
0.012403577474198983      0.64752898665831
0.012439951601689302      0.6484124120105317
0.01247632572917962       0.6494620626959418
0.01251269985666994       0.650499021225232
0.01254907398416026       0.6515403656048712
0.01258544811165058       0.652586087906975
0.012621822239140898      0.6536361801764842
0.012658196366631217      0.6546906344311649
0.01269457049412154       0.6557494426616733
0.012730944621611857      0.6568125968315682
0.012767318749102176      0.6578800888773708
0.012803692876592498      0.6589519107086032
0.012840067004082816      0.6594252720877172
0.012876441131573137      0.6600941254953192
0.012912815259063456      0.6607672211442921
0.012949189386553773      0.6614445526511565
0.012985563514044092      0.6621261136059337
0.013021937641534411      0.6628118975722312
0.013058311769024734      0.6635018980872652
0.013094685896515051      0.6641961086618702
0.01313106002400537       0.6648945227805507
0.013167434151495691      0.665551674922202
0.013203808278986012      0.6663330442867127
0.013240182406476331      0.6671180626325144
0.01327655653396665       0.6679067239946793
0.013312930661456971      0.6686990223850334
0.01334930478894729       0.6694949517922038
0.01338567891643761       0.6702945061816341
0.013422053043927929      0.6710976794956203
0.01345842717141825       0.6719044656533367
0.013494801298908567      0.6727148585508734
0.01353117542639889       0.6735288520612472
0.013567549553889209      0.674346440034456
0.013603923681379528      0.6754925632667581
0.013640297808869847      0.6759928669458074
0.013676671936360168      0.6764968600503196
0.013713046063850489      0.6770045379186987
0.013749420191340808      0.6775158958658444
0.013785794318831129      0.6780309291831591
0.013822168446321448      0.6785496331385903
0.013858542573811765      0.6790720029766375
0.013894916701302086      0.679598033918385
0.013931290828792405      0.6801277211615214
0.013967664956282724      0.6806610598803675
0.014004039083773043      0.6811980452258951
0.014040413211263363      0.6817386723257547
0.014076787338753683      0.6822829362842984
0.014113161466243999      0.6828308321826064
0.01414953559373432       0.6833823550785052
0.01418590972122464       0.6839375000066039
0.014222283848714958      0.6844962619783023
0.014258657976205279      0.6850586359818326
0.014295032103695598      0.6856246169822725
0.014331406231185919      0.6849703374987387
0.014367780358676238      0.6855372141034582
0.014404154486166557      0.6861072184571037
0.01444052861365688       0.6866803461838659
0.014476902741147197      0.6872565928874559
0.014513276868637516      0.6878359541511342
0.014549650996127839      0.6884184255377305
0.014586025123618158      0.6900609585863079
0.014622399251108477      0.6903732883365459
0.014658773378598796      0.6906888531620224
0.014695147506089115      0.6910076499598772
0.014731521633579435      0.6913296756061502
0.014767895761069754      0.6916549269558075
0.014804269888560075      0.6919834008427539
0.014840644016050394      0.6923150940798463
0.014877018143540711      0.6926500034589134
0.014913392271031032      0.692988125750775
0.014949766398521351      0.6933294577052446
0.014986140526011672      0.693673996051163
0.015022514653501991      0.6940217374964022
0.01505888878099231       0.6943726787278874
0.01509526290848263       0.6947268164116097
0.015131637035972948      0.6950841471926481
0.01516801116346327       0.695444667695181
0.015204385290953588      0.6958083745225071
0.015240759418443906      0.6961752642570564
0.015277133545934227      0.6965453334604174
0.015313507673424546      0.6972589316407893
0.015349881800914865      0.6977100622022305
0.015386255928405186      0.6981648104859624
0.015422630055895505      0.6986231731661269
0.015459004183385826      0.6976011167477923
0.015495378310876143      0.6989246968455943
0.015531752438366462      0.6991493565606139
0.015568126565856785      0.6993773481375397
0.015604500693347102      0.6996086696906417
0.015640874820837425      0.6998433193125241
0.015677248948327744      0.7000812950741245
0.015713623075818063      0.700322595024725
0.015749997203308382      0.7005672171919644
0.0157863713307987        0.7008151595818483
0.015822745458289024      0.7010664201787551
0.01585911958577934       0.7013209969454473
0.01589549371326966       0.7015788878230854
0.01593186784075998       0.7018400907312295
0.015968241968250297      0.7021046035678622
0.01600461609574062       0.7023724242093846
0.01604099022323094       0.7026435505106362
0.016077364350721258      0.7029179803049046
0.016113738478211577      0.7031957114039298
0.016150112605701896      0.7034767415979226
0.01618648673319222       0.7037610686555728
0.016222860860682534      0.7040486903240549
0.016259234988172853      0.7043396043290485
0.016295609115663173      0.7046338083747421
0.01633198324315349       0.7049313001438474
0.01636835737064381       0.7039892471540048
0.01640473149813413       0.7041712841960739
0.01644110562562445       0.7043567361996383
0.016477479753114768      0.7054501934429399
0.016513853880605087      0.705536361881096
0.01655022800809541       0.7056257462219587
0.01658660213558573       0.7057183454566819
0.016622976263076045      0.7058141585553442
0.016659350390566367      0.7059131844669625
0.016695724518056686      0.7060154221194941
0.016732098645547006      0.706120870419838
0.016768472773037325      0.7061183641370226
0.016804846900527644      0.7062909825604435
0.016841221028017966      0.7064665003825433
0.016877595155508286      0.7066449164873785
0.016913969282998605      0.7068262297396668
0.016950343410488927      0.7070104389847993
0.016986717537979243      0.7071975430488422
0.017023091665469565      0.7073875407385404
0.017059465792959885      0.7075804308413295
0.0170958399204502        0.707776212125332
0.017132214047940523      0.7079748833393725
0.017168588175430842      0.7081190334822342
0.017204962302921165      0.7081451476792241
0.017241336430411484      0.7081741504290666
0.017277710557901803      0.7082060411995841
0.017314084685392125      0.7082408194393115
0.017350458812882445      0.7082784845774971
0.017386832940372764      0.7083190360241108
0.017423207067863083      0.7083624731698429
0.017459581195353402      0.7084087953861079
0.01749595532284372       0.7084580020250494
0.01753232945033404       0.7085100924195422
0.01756870357782436       0.7085650658831949
0.01760507770531468       0.7086229217103551
0.017641451832804998      0.7086836591761133
0.017677825960295317      0.7087472775363037
0.017714200087785636      0.7088137760275112
0.01775057421527596       0.7088831538670739
0.017786948342766274      0.708955410253087
0.017823322470256597      0.7088811271901618
0.017859696597746912      0.7088781710910669
0.017896070725237235      0.70887809744549
0.017932444852727554      0.7088809065653708
0.01796881898021787       0.7088865987433863
0.018005193107708192      0.7088951742529512
0.01804156723519851       0.7089066333482138
0.01807794136268883       0.7089209762640573
0.01811431549017915       0.7089382032160967
0.01815068961766947       0.7089583144006778
0.018187063745159788      0.7089813099948771
0.018223437872650107      0.7090071901564986
0.018259812000140426      0.7090359550240751
0.018296186127630745      0.7090676047168657
0.018332560255121064      0.7091021393348564
0.018368934382611384      0.709139558958758
0.018405308510101706      0.709179863650006
0.018441682637592025      0.7092230534507605
0.01847805676508234       0.709269128383906
0.018514430892572663      0.709318088453049
0.018550805020062983      0.7092509393236175
0.018587179147553298      0.7091298363759408
0.01862355327504362       0.7090116371268458
0.01865992740253394       0.7088963422833612
0.018696301530024256      0.7087839525331375
0.018732675657514578      0.7086744685444395
0.018769049785004897      0.7085678909661429
0.018805423912495213      0.7084642204277356
0.018841798039985536      0.708363457539309
0.018878172167475855      0.7082656028915603
0.018914546294966174      0.7081706570557857
0.018950920422456493      0.7080786205838803
0.018987294549946812      0.7079894940083343
0.019023668677437135      0.7079032778422315
0.01906004280492745       0.7078199725792467
0.01909641693241777       0.7077395786936403
0.019132791059908092      0.7076620966402625
0.019169165187398408      0.706869430914577
0.019205539314888727      0.7067286176372596
0.01924191344237905       0.7072853733832205
0.01927828756986937       0.7071269535081035
0.019314661697359684      0.7069714954682014
0.019351035824850007      0.7068190009515211
0.019387409952340326      0.7066694716263745
0.01942378407983064       0.7065229091413671
0.019460158207320964      0.706379315125395
0.019496532334811283      0.7062386911876289
0.019532906462301602      0.7061010389175119
0.01956928058979192       0.7059663598847501
0.01960565471728224       0.7058346556393029
0.019642028844772563      0.705705927711378
0.01967840297226288       0.7055801776114196
0.019714777099753198      0.7054574068301055
0.01975115122724352       0.7053376168383363
0.019787525354733836      0.7052208090872284
0.019823899482224155      0.7051069850081089
0.019860273609714478      0.7049961460125029
0.019896647737204794      0.7048882934921326
0.019933021864695113      0.7047834288189053
0.019969395992185435      0.7046815533449102
0.02000577011967575       0.7045403513105994
0.02004214424716607       0.7042333364942779
0.020078518374656393      0.7039293810563477
0.020114892502146712      0.703628487200784
0.02015126662963703       0.7033306571113419
0.02018764075712735       0.703035892951545
0.02022401488461767       0.702744196864674
0.02026038901210799       0.7024555709737608
0.020296763139598308      0.7021700173815733
0.020333137267088627      0.7018875381706079
0.020369511394578946      0.7016081354030788
0.020405885522069265      0.7013318111209086
0.020442259649559584      0.7010585673457177
0.020478633777049907      0.7007884060788135
0.020515007904540222      0.7005213293011836
0.02055138203203054       0.7002573389734843
0.020587756159520864      0.6999964370360312
0.02062413028701118       0.6997386254087882
0.020660504414501502      0.699483905991364
0.02069687854199182       0.6992322806629943
0.020733252669482137      0.6989837512825423
0.02076962679697246       0.6987383196884815
0.02080600092446278       0.6973203765647126
0.020842375051953098      0.6970392345999153
0.020878749179443417      0.6967609652486562
0.020915123306933736      0.6980568278478013
0.020951497434424055      0.6975953532599107
0.020987871561914374      0.6971369822196737
0.021024245689404693      0.696681718405097
0.021060619816895013      0.6962295654737516
0.021096993944385332      0.6957805270627586
0.02113336807187565       0.695334606788755
0.02116974219936597       0.6948918082478934
0.021206116326856293      0.6942957532966696
0.021242490454346608      0.6939212439042705
0.02127886458183693       0.6935502784550729
0.02131523870932725       0.693182860467515
0.021351612836817566      0.6928189934371928
0.021387986964307888      0.6924586808368466
0.021424361091798207      0.6921019261163405
0.021460735219288523      0.6917487327026479
0.021497109346778846      0.6913991039998352
0.021533483474269165      0.6910530433890394
0.02156985760175948       0.6907105542284587
0.021606231729249803      0.6903716398533271
0.021642605856740122      0.6900363035759098
0.02167897998423044       0.6897045486854735
0.02171535411172076       0.6893763784482781
0.02175172823921108       0.6886195254297091
0.021788102366701402      0.688045811606135
0.021824476494191718      0.6874758767017599
0.021860850621682037      0.6869097250421002
0.02189722474917236       0.6863473609285741
0.021933598876662675      0.6857887886384637
0.021969973004152994      0.685234012424903
0.022006347131643317      0.6846830365168635
0.022042721259133636      0.6840493140942201
0.02207909538662395       0.6835582287644532
0.022115469514114274      0.6830705961706208
0.022151843641604593      0.682586420998567
0.02218821776909491       0.682105707911841
0.02222459189658523       0.6816284615516657
0.02226096602407555       0.6811546865369412
0.022297340151565866      0.6806843874641839
0.02233371427905619       0.6802175689075326
0.022370088406546508      0.6797542354187172
0.02240646253403683       0.679294391527032
0.022442836661527146      0.6788380417393195
0.022479210789017465      0.6783851905399463
0.022515584916507788      0.6779501249780867
0.022551959043998104      0.6771438629623816
0.022588333171488423      0.6763411621909173
0.02262470729897875       0.6755420286538331
0.022661081426469065      0.6747464683184022
0.022697455553959384      0.6739544871290103
0.022733829681449706      0.6731660910071064
0.022770203808940022      0.6723812858512044
0.02280657793643034       0.6716000775368265
0.022842952063920667      0.6708224719164915
0.022879326191410986      0.6700484748196761
0.022915700318901305      0.6692780920527964
0.022952074446391624      0.6685113293991755
0.022988448573881944      0.6677481926190123
0.023024822701372263      0.6669886874493551
0.023061196828862585      0.6663857708482888
0.023097570956352904      0.6657230104272012
0.023133945083843224      0.6650644385296506
0.023170319211333543      0.6644100614295628
0.023206693338823862      0.6637598853746194
0.023243067466314184      0.6631139165862024
0.0232794415938045        0.6624721612593792
0.02331581572129482       0.6618346255628611
0.023352189848785142      0.6612013156389756
0.023388563976275457      0.6606861252328888
0.023424938103765777      0.6596272837974619
0.0234613122312561        0.6585727710049766
0.023497686358746415      0.6575225948055012
0.02353406048623674       0.6564767631220884
0.02357043461372706       0.6554352838507556
0.02360680874121738       0.6543981648604331
0.023643182868707698      0.653365413992926
0.023679556996198017      0.652337039062889
0.023715931123688336      0.651313047857773
0.023752305251178656      0.6502592225990649
0.023788679378668975      0.6493751857877216
0.023825053506159294      0.6484949105770611
0.023861427633649613      0.6476184051269438
0.023897801761139932      0.6467456775733657
0.02393417588863025       0.6458767360284574
0.02397055001612057       0.6450115885804213
0.02400692414361089       0.6441502432934849
0.024043298271101212      0.6432927082078821
0.02407967239859153       0.642438991339795
0.024116046526081847      0.6415891006813375
0.02415242065357217       0.6407430442004709
0.02418879478106249       0.6399008298410199
0.024225168908552804      0.6383597365880602
0.024261543036043127      0.6370710819074447
0.024297917163533446      0.6357861890194473
0.02433429129102376       0.6345050677676983
0.024370665418514084      0.6332277279720316
0.024407039546004403      0.6319541794284328
0.024443413673494722      0.6306844319090247
0.02447978780098504       0.6294184951619689
0.02451616192847536       0.6281563789114475
0.02455253605596568       0.6268980928576307
0.024588910183456         0.6256436466765909
0.024625284310946318      0.6244934910346159
0.024661658438436644      0.6233547540398924
0.02469803256592696       0.6222205390935542
0.02473440669341728       0.6210908565435651
0.0247707808209076        0.6199657167099677
0.02480715494839792       0.6188451298848586
0.024843529075888236      0.6177291063323181
0.02487990320337856       0.6166176562883737
0.02491627733086888       0.6155107899609289
0.024952651458359194      0.6140979495241257
0.024989025585849516      0.6124828356369231
0.025025399713339835      0.6108721275936853
0.02506177384083015       0.6092658377386192
0.025098147968320474      0.6076639783887405
0.025134522095810793      0.606066561833759
0.025170896223301115      0.604473600336046
0.02520727035079143       0.6028851061305712
0.02524364447828175       0.601376633406721
0.025280018605772073      0.5999439881164398
0.02531639273326239       0.5985150563224458
0.025352766860752707      0.5970898506791181
0.02538914098824303       0.5956683838174744
0.025425515115733346      0.5942506683451092
0.025461889243223665      0.5928367168461223
0.025498263370713987      0.5914265418810796
0.025534637498204303      0.5900201559869189
0.025571011625694626      0.5886175716769032
0.02560738575318495       0.5872188014405783
0.025643759880675264      0.5858238577436801
0.02568013400816558       0.5844327530280794
0.025716508135655906      0.5830454997117327
0.025752882263146225      0.5812867763068211
0.025789256390636544      0.5794908581777891
0.025825630518126863      0.5776986968320508
0.025862004645617182      0.5759103066990163
0.0258983787731075        0.5741257021845826
0.02593475290059782       0.5723448976710607
0.02597112702808814       0.5705679075171131
0.026007501155578462      0.568794746057683
0.026043875283068778      0.5670254276039249
0.026080249410559097      0.565259966443121
0.02611662353804942       0.563498376838646
0.026152997665539735      0.5617406730298525
0.026189371793030054      0.5602090935771894
0.026225745920520377      0.5583100468918825
0.026262120048010693      0.5564143903962504
0.026298494175501015      0.5545221392145941
0.026334868302991334      0.5526333084498132
0.026371242430481653      0.5507479131833242
0.02640761655797197       0.5488659684750156
0.02644399068546229       0.5469874893631514
0.02648036481295261       0.5451124908643069
0.026516738940442926      0.5432409879732933
0.026553113067933246      0.5413729956630741
0.026589487195423565      0.5395085288847216
0.026625861322913884      0.537647602567301
0.026662235450404203      0.535790231617838
0.026698609577894522      0.5339364309212234
0.02673498370538484       0.5320862153401379
0.02677135783287516       0.5298884077800323
0.02680773196036548       0.5283121493328136
0.026844106087855802      0.5262916489766165
0.026880480215346118      0.5242740522775989
0.02691685434283644       0.5222593764952713
0.02695322847032676       0.5202476388705357
0.02698960259781708       0.518238856625643
0.027025976725307398      0.5162330469640857
0.027062350852797717      0.5142302270705199
0.027098724980288032      0.5122304141106938
0.027135099107778355      0.5102336252313434
0.027171473235268674      0.5082398775601229
0.027207847362758993      0.5062491882055016
0.027244221490249312      0.5042615742567076
0.02728059561773963       0.502277052783614
0.02731696974522995       0.5002956408366702
0.027353343872720266      0.4983173554468221
0.02738971800021059       0.496342213625416
0.027426092127700915      0.4943702323641278
0.027462466255191227      0.49093939453553337
0.027498840382681546      0.4885942744722638
0.027535214510171865      0.4879665154645715
0.027571588637662188      0.48576506895502647
0.0276079627651525        0.4835659955339816
0.027644336892642826      0.4813693136283406
0.027680711020133142      0.47917504164953056
0.027717085147623458      0.4767548917132381
0.027753459275113784      0.4746886674751186
0.0277898334026041        0.4726245362349102
0.027826207530094415      0.4705625150499556
0.02786258165758474       0.46850262096374895
0.02789895578507506       0.46644487100583154
0.027935329912565376      0.46438928219165215
0.027971704040055695      0.4623358715226136
0.028008078167546014      0.4602846559858327
0.028044452295036337      0.45777978423553684
0.028080826422526652      0.4555734761672424
0.02811720055001697       0.4533689375717707
0.028153574677507297      0.4511661860292062
0.028189948804997613      0.44896523910770453
0.028226322932487932      0.44676611436326885
0.028262697059978255      0.44456882933975495
0.02829907118746857       0.44237340156874355
0.02833544531495889       0.44017984856945774
0.028371819442449212      0.4379881878486981
0.028408193569939535      0.4357984369007362
0.02844456769742985       0.433610613207233
0.028480941824920173      0.4314247342371573
0.028517315952410492      0.42924081744670045
0.028553690079900808      0.42705888027918965
0.028590064207391134      0.4248789401650088
0.02862643833488145       0.4226561665927397
0.02866281246237177       0.4207224351153815
0.02869918658986209       0.4185435472276767
0.02873556071735241       0.416365716113559
0.028771934844842733      0.41418895961297214
0.02880830897233305       0.4120132955579395
0.028844683099823368      0.4098387417724906
0.028881057227313694      0.4076653160725543
0.02891743135480401       0.40549303626589217
0.028953805482294325      0.40332192015198975
0.02899017960978465       0.4011519855219925
0.029026553737274963      0.39898325015860003
0.029062927864765283      0.39681573183598867
0.02909930199225561       0.3946494483197162
0.029135676119745928      0.39248441736664613
0.029172050247236247      0.3903206567248474
0.029208424374726566      0.3881581841335306
0.029244798502216885      0.3859970173229157
0.029281172629707208      0.383837174014204
0.029317546757197527      0.38167867191944305
0.02935392088468785       0.379147741671307
0.029390295012178165      0.376958132984293
0.029426669139668488      0.37476942640375516
0.029463043267158807      0.3725816396650269
0.029499417394649126      0.3703947904965783
0.02953579152213944       0.36820889661991046
0.029572165649629764      0.36602397574950196
0.029608539777120087      0.3638400455927012
0.029644913904610402      0.36165712384965687
0.029681288032100725      0.35947522821318645
0.029717662159591048      0.3572943763687843
0.02975403628708136       0.35511458599440193
0.029790410414571686      0.3529358747604839
0.02982678454206201       0.3507582603298118
0.029863158669552324      0.34858176035744837
0.029899532797042647      0.34640639249063315
0.02993590692453297       0.34423217436867753
0.02997228105202329       0.3420591236229518
0.030008655179513604      0.340334327206471
0.030045029307003927      0.338198719721348
0.03008140343449425       0.3360634899836328
0.03011777756198457       0.33392865539098876
0.030154151689474887      0.33179423333729774
0.030190525816965203      0.3296602412125232
0.030226899944455522      0.32752669640270876
0.030263274071945845      0.3253936162898162
0.030299648199436164      0.3232610182516919
0.030336022326926483      0.32112891966194385
0.030372396454416802      0.3189973378898932
0.030408770581907125      0.3168662903004619
0.030445144709397444      0.3147357942540952
0.03048151883688776       0.3126058671066807
0.030517892964378082      0.3104765262094611
0.0305542670918684        0.30834778890895403
0.03059064121935872       0.3062196725468267
0.03062701534684904       0.3040921944599069
0.03066338947433936       0.3019653719799895
0.030699763601829674      0.29983922243379535
0.03073613772932          0.29755172311346456
0.030772511856810316      0.2954699432589398
0.030808885984300646      0.29338851461281007
0.03084526011179096       0.29130745425835397
0.030881634239281277      0.2892267792754107
0.030918008366771606      0.2871465067403184
0.030954382494261922      0.285066653725792
0.03099075662175224       0.28298723730086267
0.03102713074924256       0.2809082745307758
0.031063504876732876      0.278829782476921
0.031099879004223195      0.27675177819675845
0.031136253131713518      0.2746742787437031
0.03117262725920384       0.27259730116706415
0.031209001386694156      0.2705208625119642
0.03124537551418448       0.26844497981924864
0.0312817496416748        0.2663696701253952
0.03131812376916512       0.2642949504624263
0.03135449789665544       0.262220837857873
0.03139087202414576       0.2601473493346166
0.031427246151636085      0.25807450191085557
0.0314636202791264        0.25636861408214945
0.03149999440661672       0.2543295439757535
0.031536368534107045      0.25229052071097524
0.03157274266159736       0.25025156089858297
0.031609116789087684      0.2482126811477767
0.03164549091657801       0.24617389806610163
0.03168186504406832       0.24413522825938738
0.031718239171558645      0.24209668833163603
0.03175461329904897       0.24005829488495728
0.03179098742653928       0.23802006451949986
0.0318273615540296        0.23598201383334969
0.03186373568151992       0.2339441594224541
0.031900109809010244      0.23190651788054326
0.03193648393650056       0.22986910579905565
0.03197285806399088       0.22783193976703758
0.032009232191481204      0.22579503637107778
0.03204560631897153       0.22375841219522716
0.03208198044646184       0.22172208382090483
0.032118354573952165      0.2196860678268124
0.03215472870144248       0.21765038078891055
0.0321911028289328        0.21544789073538528
0.03222747695642312       0.21348672560852344
0.03226385108391344       0.2115256287453122
0.03230022521140376       0.20956461643633212
0.03233659933889408       0.20760370497065744
0.0323729734663844        0.2056429106358238
0.03240934759387472       0.20368224971769333
0.032445721721365034      0.20172173850042052
0.03248209584885536       0.1997613932663498
0.03251846997634567       0.19780123029592933
0.032554844103835995      0.19584126586765802
0.03259121823132631       0.19388151625797076
0.032627592358816626      0.19192199774119
0.03266396648630695       0.18996272658943175
0.03270034061379727       0.18800371907251243
0.03273671474128759       0.1860449914579022
0.0327730888687779        0.184086560010603
0.032809462996268225      0.18212844099311945
0.03284583712375854       0.18017065066531066
0.032882211251248857      0.1782132052843968
0.03291858537873918       0.176256121104801
0.0329549595062295        0.17429941437811067
0.03299133363371982       0.17202365912865075
0.03302770776121014       0.1700307532855196
0.03306408188870046       0.16849389203310206
0.033100456016190785      0.16676517041912775
0.033136830143681094      0.16442891782449046
0.03317320427117142       0.16250045230701057
0.03320957839866174       0.1605718005424137
0.033245952526152055      0.1586429785526312
0.03328232665364238       0.1567140023597241
0.0333187007811327        0.15478488798585324
0.033355074908623016      0.15285565145316377
0.03339144903611334       0.15092630878373173
0.033427823163603654      0.14899687599948222
0.03346419729109397       0.14706736912210408
0.0335005714185843        0.14513780417296712
0.033536945546074615      0.14320819717305525
0.03357331967356493       0.14127856414288292
0.033609693801055246      0.1393489211024196
0.03364606792854557       0.13741928407100468
0.03368244205603589       0.13548966906726423
0.03371881618352621       0.1335600921090451
0.03375519031101653       0.1316305692133339
0.03379156443850685       0.1297011163961767
0.03382793856599717       0.127771749672585
0.03386431269348749       0.1258424850564862
0.03390068682097781       0.12391333856062396
0.033937060948468135      0.12201825567502117
0.03397343507595845       0.12013654310334695
0.034009809203448774      0.11825478669532895
0.034046183330939096      0.11637300226665452
0.03408255745842941       0.11449120563256225
0.034118931585919735      0.1126094126078139
0.03415530571341006       0.11072763900657923
0.03419167984090037       0.10884590064240564
0.034228053968390695      0.10696421332808535
0.03426442809588101       0.10508259287560581
0.034300802223371334      0.1032010550960882
0.03433717635086165       0.10131961579969123
0.034373550478351965      0.09934446995977331
0.03440992460584229       0.09738742829963265
0.0344462987333326        0.09543036816460129
0.03448267286082292       0.09347330562729204
0.03451904698831324       0.09147352256756933
0.03455542111580356       0.08961698064107902
0.03459179524329387       0.08776030297253512
0.034628169370784195      0.08590350530040995
0.03466454349827451       0.08404660336335784
0.034700917625764834      0.08218961290021418
0.034737291753255156      0.08033254964989256
0.03477366588074547       0.07847542935131191
0.03481004000823579       0.07661826774331375
0.03484641413572611       0.07476108056457868
0.03488278826321643       0.07290388355358324
0.03491916239070675       0.0710466924484696
0.03495553651819707       0.0691895229870086
0.03499191064568739       0.06733239090650649
0.03502828477317771       0.06547531194373175
0.035064658900668025      0.06361830183483257
0.03510103302815835       0.06176137631526909
0.03513740715564866       0.05990455111971908
0.035173781283138986      0.0580478419820139
0.03521015541062931       0.056191264635078245
0.035246529538119624      0.054152702869436124
0.03528290366560994       0.05220028239415647
0.03531927779310026       0.05024785117962537
0.03535565192059058       0.04829542527798993
0.035392026048080893      0.0463430207410997
0.035428400175571216      0.045198051711060734
0.03546477430306154       0.04328203073929909
0.03550114843055187       0.04136585466788351
0.03553752255804218       0.039449539490541634
0.03557389668553249       0.03753310120154842
0.03561027081302282       0.0356165557957056
0.035646644940513145      0.03332713885645946
0.03568301906800346       0.031485278265116635
0.035719393195493776      0.029643290174050825
0.0357557673229841        0.027801189995304953
0.03579214145047442       0.025958993141398552
0.03582851557796474       0.024116715025268354
0.03586488970545506       0.02227437106013472
0.03590126383294538       0.020431976659498367
0.03593763796043569       0.018589547237008407
0.03597401208792601       0.016747098206414124
0.03601038621541634       0.014904644981489263
0.03604676034290666       0.013062202975935328
0.03608313447039698       0.011219787603333465
0.0361195085978873        0.009377414277050251
0.03615588272537761       0.007535098410164386
0.03619225685286792       0.005692855415398301
0.03622863098035825       0.0038507007050314493
0.036265005107848566      0.002008649690841158
0.03630137923533889       1.6671778400939165E-4
