% Model:              Two_segments_demag.mph
% Version:            COMSOL 5.6.0.341
% Date:               Feb 13 2022, 15:39
% Dimension:          1
% Nodes:              1000
% Expressions:        1
% Description:        Line graph
% s                       Height
0                         5.816146270254659E-4
0                         0.0016092696903781136
9.591449028816366E-6      0.0026369356523117515
1.918289805763298E-5      0.0036646122605531136
2.8774347086448666E-5     0.004692299262821254
3.83657961152646E-5       0.005719996406848217
4.795724514408012E-5      0.006747703440362193
5.754869417289576E-5      0.007775420111062099
6.714014320171168E-5      0.008803146166659667
7.673159223052834E-5      0.009830881354895883
8.632304125934313E-5      0.010858625423468635
9.59144902881594E-5       0.011886378120088276
1.05505939316975E-4       0.012538316906355727
1.1509738834579111E-4     0.013609210486116506
1.2468883737460712E-4     0.014680124591060042
1.3428028640342338E-4     0.01575105896141655
1.4387173543223888E-4     0.016822013337425758
1.5346318446105397E-4     0.017892987459318464
1.6305463348986995E-4     0.018963981067327225
1.7264608251868672E-4     0.02003499390167252
1.8223753154750292E-4     0.021106025702580987
1.9182898057631734E-4     0.02217707621026753
2.0142042960513465E-4     0.02324814516495077
2.110118786339494E-4      0.024319232306843696
2.206033276627654E-4      0.025390337376150603
2.301947766915814E-4      0.02646146011308202
2.3978622572039715E-4     0.027532600257837898
2.4937767474921257E-4     0.02860375755061752
2.589691237780289E-4      0.029674931731620467
2.685605728068444E-4      0.030746122541036855
2.781520218356609E-4      0.03181732971906103
2.87743470864477E-4       0.03288855300587673
2.973349198932918E-4      0.03395979214167046
3.0692636892210815E-4     0.035031046866623554
3.165178179509231E-4      0.036102316920915124
3.261092669797397E-4      0.037173602044722094
3.357007160085555E-4      0.03824490197821661
3.452921650373708E-4      0.039316216461570026
3.548836140661871E-4      0.04038754523495125
3.6447506309500373E-4     0.04145888803852508
3.7406651212381936E-4     0.04253024461245473
3.836579611526346E-4      0.04360161469689831
3.932494101814505E-4      0.04467299803201561
4.028408592102664E-4      0.04574439435796161
4.124323082390816E-4      0.04681580341488932
4.2202375726789796E-4     0.04788722494295154
4.3161520629671424E-4     0.048958658682291885
4.412066553255306E-4      0.05003010437305826
4.507981043543455E-4      0.051101561755395
4.6038955338316125E-4     0.05210087741745464
4.699810024119777E-4      0.05316268885342191
4.7957245144079327E-4     0.05422452959434456
4.891639004696085E-4      0.05528639938207165
4.987553494984238E-4      0.056348297958453274
5.083467985272403E-4      0.05741022506532474
5.179382475560574E-4      0.05847218044452373
5.275296965848718E-4      0.05953416383788384
5.371211456136882E-4      0.06059617498722801
5.467125946425042E-4      0.061658213634378845
5.563040436713194E-4      0.06272027952114964
5.658954927001355E-4      0.0637823723893541
5.75486941728951E-4       0.06484449198079738
5.850783907577665E-4      0.06590663803727774
5.946698397865832E-4      0.06696881030059477
6.042612888153994E-4      0.06803100851253922
6.138527378442138E-4      0.06909323241489611
6.234441868730302E-4      0.07015548174944883
6.330356359018465E-4      0.07121775625797222
6.42627084930661E-4       0.07228005568224255
6.522185339594776E-4      0.07334237976402745
6.618099829882934E-4      0.07440472824508677
6.714014320171109E-4      0.07546710086718462
6.809928810459267E-4      0.07652949737206928
6.905843300747417E-4      0.0775919175014965
7.001757791035563E-4      0.078654360997208
7.097672281323732E-4      0.07971682760094488
7.193586771611887E-4      0.08077931705444819
7.289501261900052E-4      0.08184182909944922
7.385415752188205E-4      0.08290436347767059
7.481330242476363E-4      0.08377008851894764
7.577244732764521E-4      0.08478983487570012
7.673159223052684E-4      0.0858096144583702
7.76907371334084E-4       0.08682942701444135
7.864988203628998E-4      0.08807770548756882
7.960902693917156E-4      0.08913394961430016
8.056817184205322E-4      0.09019024387194464
8.152731674493473E-4      0.09124658800561417
8.248646164781637E-4      0.09230298176041603
8.344560655069801E-4      0.09335942488143936
8.440475145357944E-4      0.09441591711376875
8.536389635646109E-4      0.09547245820248595
8.632304125934264E-4      0.0965290478926536
8.728218616222418E-4      0.09758568592933099
8.824133106510584E-4      0.09864237205756966
8.920047596798733E-4      0.0996991060224095
9.015962087086903E-4      0.10075588756888469
9.111876577375062E-4      0.1018127164420183
9.207791067663217E-4      0.10286959238682596
9.30370555795137E-4       0.10392651514831501
9.399620048239542E-4      0.10498348447148362
9.495534538527687E-4      0.10604050010132235
9.591449028815847E-4      0.10709756178281335
9.687363519104004E-4      0.10815466926092832
9.78327800939217E-4       0.10921182228063173
9.879192499680322E-4      0.11026902058688243
9.975106989968477E-4      0.11132626392462898
0.0010071021480256642     0.11238355203880945
0.0010166935970544809     0.1134408846743529
0.0010262850460832963     0.1144982615761909
0.0010358764951121108     0.11555568248923598
0.001045467944140928      0.11661314715839222
0.0010550593931697436     0.11767065532855794
0.0010646508421985601     0.11872820674463555
0.0010742422912273753     0.11996581701859428
0.0010838337402561912     0.12095931941308534
0.001093425189285007      0.12195287964404361
0.001103016638313823      0.12277669711269609
0.0011126080873426383     0.12382342617908296
0.0011221995363714544     0.12487023091909445
0.0011317909854002704     0.1259171110790285
0.0011413824344290863     0.12696406640518404
0.0011509738834579015     0.12801109664383498
0.0011605653324867177     0.1290582015412465
0.0011701567815155336     0.13010538084367082
0.0011797482305443499     0.1311526342973431
0.0011893396795731653     0.13219996164849274
0.0011989311286019814     0.13324736264332782
0.0012085225776307968     0.13429483702804848
0.0012181140266596128     0.13534238454883668
0.0012277054756884278     0.1363900049518665
0.001237296924717244      0.1374376979832969
0.0012468883737460608     0.13848546338927245
0.0012564798227748762     0.13953330091592697
0.0012660712718036919     0.140581210309379
0.0012756627208325069     0.1416291913157363
0.001285254169861324      0.14267724368109333
0.00129484561889014       0.14372536715152834
0.001304437067918955      0.14477356147311268
0.00131402851694777       0.1458218263918968
0.0013236199659765872     0.1468701616539309
0.0013332114150054022     0.14791856700523634
0.0013428028640342176     0.14896704219183665
0.001352394313063033      0.15001558695973571
0.0013619857620918501     0.15106420105492172
0.0013715772111206653     0.1521128842233775
0.0013811686601494818     0.15313191916764435
0.0013907601091782968     0.1541679750942449
0.0014003515582071133     0.15520412502953743
0.0014099430072359296     0.1562403687217794
0.0014195344562647444     0.15727670591920856
0.0014291259052935607     0.15831313637004732
0.0014387173543223759     0.1593496598225003
0.0014483088033511928     0.1603862760247551
0.0014579002523800084     0.1614229847249858
0.0014674917014088243     0.16245978567134697
0.0014770831504376401     0.1634966786119767
0.0014866745994664555     0.16453366329499852
0.001496266048495272      0.16557073946851678
0.0015058574975240877     0.166607906880622
0.001515448946552903      0.1676451652793857
0.0015250403955817202     0.16868251441286575
0.0015346318446105352     0.1697199540291026
0.0015442232936393513     0.1707574838761198
0.0015538147426681676     0.17179510370192452
0.0015634061916969832     0.17283281325451041
0.0015729976407257984     0.1738706122818506
0.0015825890897546147     0.17490850053190574
0.0015921805387834305     0.17594647775261962
0.0016017719878122466     0.17698454369191766
0.0016113634368410616     0.1780226980977152
0.0016209548858698772     0.17906094071790185
0.0016305463348986933     0.18009927130035963
0.0016401377839275096     0.181137689592951
0.001649729232956325      0.18217619534352852
0.0016593206819851408     0.18280778454850727
0.0016689121310139567     0.1837602109223774
0.0016785035800427727     0.18471273684444603
0.0016880950290715875     0.18566536207734843
0.0016976864781004044     0.18661808638371338
0.0017072779271292203     0.18757090952614194
0.001716869376158036      0.18852383126722708
0.0017264608251868515     0.18947685136953657
0.0017360522742156685     0.1904299695956218
0.0017456437232444826     0.1913831857080207
0.0017552351722732995     0.19309667213753884
0.001764826621302115      0.1940841244392804
0.001774418070330931      0.19507170912735694
0.0017840095193597469     0.19605942596592998
0.001793600968388563      0.19704727471913733
0.001803192417417379      0.19803525515109777
0.0018127838664461942     0.19902336702590126
0.0018223753154750103     0.2000116101076162
0.0018319667645038257     0.20099998416028872
0.0018415582135326422     0.2019884889479399
0.001851149662561458      0.2029771242345708
0.001860741111590274      0.20396588978415725
0.0018703325606190897     0.20495478536064846
0.001879924009647906      0.2059438107279762
0.0018895154586767212     0.20693296565004476
0.0018991069077055366     0.20792224989073832
0.0019086983567343533     0.2089116632139169
0.0019182898057631694     0.20990120538341545
0.001927881254791985      0.21089087616304888
0.0019374727038208009     0.21188067531660731
0.0019470641528496165     0.21287060260785934
0.001956655601878432      0.21386065780054908
0.001966247050907248      0.21485084065839827
0.0019758384999360636     0.21584115094510595
0.0019854299489648793     0.21683158842434713
0.0019950213979936953     0.21782215285977857
0.0020046128470225114     0.21881284401503107
0.002014204296051327      0.21986038921327256
0.002023795745080143      0.2208720132214938
0.002033387194108959      0.22188378304913292
0.002042978643137775      0.2228956984492908
0.002052570092166591      0.22390775917504305
0.0020621615411954065     0.22432036152557014
0.002071752990224222      0.2252882428396014
0.0020813444392530378     0.22625629942987296
0.002090935888281854      0.22736352200801033
0.0021005273373106694     0.22831637252065862
0.002110118786339485      0.22926939392786502
0.0021197102353683016     0.23022258600213125
0.0021293016843971176     0.23117594851593343
0.0021388931334259333     0.2321294812417227
0.0021484845824547493     0.2330831839519113
0.002158076031483565      0.2340370564188891
0.002167667480512381      0.2349910984150122
0.002177258929541197      0.23594530971260788
0.0021868503785700127     0.23689969008397194
0.002196441827598829      0.2378542393013694
0.0022060332766276444     0.23880895713703842
0.0022156247256564596     0.2397638433631862
0.0022252161746852757     0.24071889775198674
0.0022348076237140918     0.24167412007558983
0.002244399072742908      0.24262951010610662
0.002253990521771723      0.24358506761563126
0.0022635819708005395     0.2445407923762176
0.002273173419829355      0.2454966841598909
0.002282764868858171      0.24645274273865395
0.002292356317886987      0.2474492181762993
0.002301947766915803      0.24830376190533013
0.0023115392159446186     0.24915848856635328
0.002321130664973434      0.2500133979442707
0.0023307221140022503     0.25086848982394594
0.0023403135630310663     0.2517237639902147
0.0023499050120598824     0.2525792202278752
0.0023594964610886985     0.2534348583216997
0.002369087910117514      0.2542906780564237
0.0023786793591463297     0.25514667921675477
0.002388270808175146      0.25600286158736113
0.002397862257203962      0.2568592249528836
0.0024074537062327775     0.25771576909793414
0.002417045155261593      0.2585553094756778
0.0024266366042904088     0.25946442568642514
0.002436228053319225      0.2603737582572184
0.00244581950234804       0.26128330697265695
0.0024554109513768565     0.2621930716172965
0.002465002400405672      0.2631030519756599
0.0024745938494344882     0.2640132478322289
0.0024841852984633043     0.26492365897145054
0.00249377674749212       0.26583428517773067
0.0025033681965209364     0.26674512623543634
0.002512959645549752      0.26765618192889845
0.002522551094578568      0.26856745204241417
0.0025321425436073833     0.2694789363602334
0.0025417339926361994     0.27039063466657426
0.002551325441665015      0.2713025467456159
0.0025609168906938315     0.27221467238149955
0.0025705083397226476     0.2731270113583287
0.002580099788751463      0.2740755851839817
0.002589691237780279      0.27484217398237315
0.0025992826868090945     0.27560899031823655
0.00260887413583791       0.27637603399572946
0.002618465584866727      0.27714330481896277
0.0026280570338955427     0.2779108025920108
0.002637648482924358      0.27867852711890867
0.0026472399319531744     0.27944647820365043
0.00265683138098199       0.2802146556501883
0.002666422830010806      0.28098305926243705
0.002676014279039622      0.2817516888442696
0.002685605728068438      0.28252054419952005
0.002695197177097254      0.28328962513198297
0.002704788626126069      0.28405893144541067
0.002714380075154885      0.28482846294351827
0.0027239715241837007     0.28559821942997826
0.0027335629732125164     0.2863682007084272
0.002743154422241333      0.287138406582458
0.002752745871270148      0.2879088368556257
0.0027623373202989633     0.288679491331445
0.00277192876932778       0.28945036981339245
0.0027815202183565963     0.2902214721049015
0.002791111667385412      0.2909927980093696
0.002800703116414228      0.29176434733015205
0.002810294565443043      0.29248372043589516
0.0028198860144718592     0.2933213238672355
0.0028294774635006757     0.2941591962787173
0.0028390689125294914     0.29499733747495943
0.002848660361558307      0.29583574726053824
0.002858251810587123      0.29667442543997685
0.002867843259615939      0.29751337181775434
0.0028774347086447543     0.2982203674648381
0.0028870261576735704     0.2988918431981676
0.0028966176067023864     0.29956360887188427
0.0029062090557312025     0.3002356643122941
0.002915800504760018      0.3009080093456412
0.0029253919537888338     0.30158064379813176
0.0029349834028176494     0.3022535674959093
0.002944574851846466      0.3029267802650751
0.002954166300875281      0.30360028193167493
0.002963757749904097      0.30426927773941503
0.0029733491989329132     0.30496950754600277
0.0029829406479617293     0.30566998919769767
0.002992532096990545      0.30637072253264436
0.00300212354601936       0.3070717073889644
0.0030117149950481766     0.3077729436047473
0.003021306444076992      0.30847443101801303
0.003030897893105808      0.3091761694667557
0.003040489342134624      0.3098781587889194
0.00305008079116344       0.31058039882238764
0.0030596722401922552     0.31128288940503057
0.0030692636892210717     0.31198563037464416
0.0030788551382498874     0.312688621569006
0.003088446587278703      0.31339186282582787
0.0030980380363075195     0.3140953539827965
0.003107629485336335      0.31479909487753377
0.0031172209343651508     0.3155030853476317
0.003126812383393967      0.3162073252306304
0.003136403832422782      0.3169118143640324
0.0031459952814515977     0.31761655258530364
0.003155586730480414      0.3183215397318455
0.00316517817950923       0.31902677564101617
0.003174769628538046      0.31973226015015305
0.0031843610775668615     0.32041234773505806
0.003193952526595677      0.3209459453697282
0.003203543975624493      0.32147980884687266
0.0032131354246533097     0.3220139380272136
0.003222726873682125      0.322548332771471
0.003232318322710941      0.32308299294027687
0.003241909771739757      0.323617918394232
0.0032515012207685722     0.3241531089938809
0.0032610926697973883     0.32468856459975315
0.0032706841188262048     0.3252242850722762
0.0032802755678550204     0.32576027027187776
0.0032898670168838365     0.3262965200589169
0.0032994584659126525     0.3268330342937224
0.003309049914941468      0.3273698128365409
0.003318641363970284      0.3279068555476251
0.0033282328129991        0.32844416228714074
0.0033378242620279155     0.3289817329152071
0.003347415711056732      0.3295195672919294
0.0033570071600855476     0.3300576652773198
0.0033665986091143633     0.3308080007846851
0.003376190058143179      0.3314211630083238
0.0033857815071719945     0.3320346347624246
0.003395372956200811      0.332648415905323
0.003404964405229627      0.3332625062952977
0.0034145558542584427     0.333876905790572
0.003424147303287259      0.3344916142493164
0.0034337387523160744     0.3344927792325598
0.00344333020134489       0.3349608792870827
0.003452921650373706      0.3354293004761722
0.003462513099402522      0.33589804267873646
0.003472104548431338      0.3363671057736237
0.003481695997460154      0.33683648963962737
0.0034912874464889695     0.3375729516531525
0.003500878895517786      0.3380541699542449
0.0035104703445466017     0.3385356740659968
0.0035200617935754173     0.33901746387693216
0.003529653242604234      0.3394995392755293
0.00353924469163305       0.3399819001502101
0.003548836140661865      0.34046454638935153
0.0035584275896906807     0.3409474778812741
0.0035680190387194963     0.34143069451425334
0.003577610487748312      0.34191419617651114
0.0035872019367771285     0.3423979827562227
0.003596793385805944      0.34288205414150713
0.0036063848348347606     0.3433664102204382
0.0036159762838635762     0.34385105088103673
0.003625567732892392      0.34433597601127564
0.0036351591819212075     0.3448211854990735
0.0036447506309500236     0.3453066792323026
0.0036543420799788396     0.3457924570987837
0.003663933529007655      0.3462785189862874
0.0036735249780364704     0.34676486478253193
0.003683116427065286      0.3471105806953287
0.0036927078760941017     0.34746914082062613
0.0037022993251229178     0.3478280013339166
0.0037118907741517343     0.3481871621423151
0.00372148222318055       0.34854662315288615
0.0037310736722093655     0.34890638427264
0.0037406651212381807     0.3492664454085337
0.003750256570266997      0.3496268064674723
0.003759848019295813      0.34998746735630676
0.0037694394683246285     0.35034842798183563
0.0037790309173534437     0.35070968825080456
0.0037886223663822593     0.3510712480699052
0.0037982138154110754     0.35143310734577865
0.003807805264439891      0.351795265985012
0.0038173967134687075     0.352157723894138
0.003826988162497524      0.3525204809796393
0.0038365796115263397     0.3528835371479432
0.0038461710605551553     0.35324689230542733
0.003855762509583971      0.35324048600815655
0.0038653539586127866     0.35359870174846636
0.003874945407641602      0.3539571816653882
0.0038845368566704187     0.3543159256762176
0.0038941283056992343     0.3546749336981995
0.0039037197547280504     0.3550342056485373
0.003913311203756866      0.35539374144438374
0.003922902652785681      0.35575354100284745
0.003932494101814498      0.3567020768403408
0.003942085550843314      0.35695562886731685
0.00395167699987213       0.35720946541767784
0.0039612684489009455     0.3574635864263063
0.003970859897929761      0.35771799182803177
0.003980451346958577      0.35797268155763473
0.003990042795987392      0.3582276555498437
0.003999634245016209      0.3584829137393382
0.0040092256940450245     0.35873845606074883
0.00401881714307384       0.3589942824486528
0.004028408592102656      0.359250392837581
0.004038000041131472      0.3595067871620082
0.004047591490160288      0.35976346535636483
0.004057182939189104      0.36002042735502765
0.00406677438821792       0.36027767309232483
0.004076365837246736      0.3605352025025323
0.004085957286275551      0.36079301551987847
0.004095548735304367      0.3610511120785395
0.004105140184333183      0.3613094921126429
0.004114731633361999      0.36156815555626365
0.004124323082390815      0.3618271023434287
0.00413391453141963       0.36208633240811317
0.004143505980448447      0.3623458456842451
0.0041530974294772625     0.36260564210569907
0.004162688878506078      0.36286572160629926
0.004172280327534895      0.3620886200499612
0.00418187177656371       0.362324278395464
0.004191463225592526      0.36256018463474976
0.0042010546746213415     0.3639590130047055
0.004210646123650157      0.3641125591199231
0.004220237572678973      0.36426637969186204
0.004229829021707788      0.3644204746823054
0.004239420470736605      0.36457484405298723
0.0042490119197654205     0.3647294877655924
0.004258603368794237      0.3648844057817599
0.004268194817823053      0.36503959806307695
0.004277786266851868      0.36519506457108347
0.004287377715880684      0.3653508052672712
0.0042969691649095        0.3655068201130828
0.004306560613938316      0.3656631090699111
0.004316152062967132      0.36581967209910304
0.004325743511995947      0.3659765091619544
0.004335334961024763      0.3661336202197139
0.004344926410053579      0.3662910052335801
0.004354517859082395      0.3664486641647044
0.004364109308111212      0.3666065969741904
0.004373700757140027      0.36676480362309055
0.004383292206168843      0.36692328407241065
0.0043928836551976585     0.3670820382831074
0.004402475104226474      0.3672410662160885
0.004412066553255291      0.36740036783221414
0.004421658002284106      0.36755994309229506
0.004431249451312922      0.3677197919570932
0.0044408409003417375     0.36787991438732354
0.004450432349370553      0.36804031034365087
0.004460023798399369      0.3682009797866927
0.004469615247428186      0.368361922677017
0.004479206696457002      0.36748992272361836
0.004488798145485817      0.36756738968535935
0.004498389594514633      0.3676451059377707
0.004507981043543449      0.3687370608030807
0.004517572492572264      0.3687889157536423
0.004527163941601081      0.3688410525175832
0.0045367553906298964     0.368893471085266
0.004546346839658712      0.3689461714470022
0.004555938288687528      0.368999153593054
0.004565529737716343      0.3690524175136338
0.00457512118674516       0.36910596319890365
0.0045847126357739755     0.36915979063897547
0.004594304084802792      0.3692138998239125
0.004603895533831608      0.3692682907437253
0.004613486982860423      0.36932296338837817
0.004623078431889239      0.36937791774778217
0.0046326698809180545     0.3694331538118007
0.00464226132994687       0.36948867157024623
0.004651852778975687      0.3695444710128816
0.004661444228004502      0.369600552129419
0.004671035677033318      0.3696569149095216
0.0046806271260621335     0.36971355934280237
0.00469021857509095       0.369770485418825
0.004699810024119766      0.36982769312710106
0.004709401473148582      0.3698851824570952
0.004718992922177398      0.3699429533982196
0.004728584371206213      0.37000100593983815
0.004738175820235029      0.3700593400712641
0.004747767269263845      0.37011795578176165
0.00475735871829266       0.3701768530605431
0.004766950167321477      0.3702360318967736
0.0047765416163502925     0.3702954922795655
0.004786133065379108      0.37035523419798344
0.004795724514407925      0.36934348359037855
0.00480531596343674       0.3693154114479727
0.004814907412465556      0.3692875934307397
0.004824498861494372      0.36926002954518516
0.004834090310523188      0.369232719797772
0.004843681759552004      0.3692056641949159
0.004853273208580819      0.3691788627429883
0.004862864657609635      0.369152315448315
0.0048724561066384505     0.3691260223171773
0.004882047555667267      0.3701274988894001
0.004891639004696083      0.3700352998032542
0.004901230453724899      0.3699433791389702
0.004910821902753715      0.36985173692110873
0.00492041335178253       0.369760373174181
0.004930004800811346      0.3696692879226492
0.004939596249840162      0.3695784811909258
0.004949187698868978      0.36948795300337445
0.004958779147897794      0.36939770338430805
0.0049683705969266094     0.369307732357992
0.004977962045955425      0.3692180399486398
0.004987553494984241      0.3691286261804187
0.004997144944013056      0.3690394910774438
0.005006736393041874      0.3689506346637826
0.005016327842070689      0.36886205696345203
0.005025919291099505      0.3687737580004203
0.005035510740128321      0.3686857377986054
0.005045102189157136      0.368597996381877
0.005054693638185952      0.3685105337740545
0.005064285087214768      0.36842334999890836
0.005073876536243584      0.36833644508015984
0.0050834679852724        0.3682498190414792
0.005093059434301215      0.3681634719064892
0.005102650883330031      0.3680774036987617
0.005112242332358847      0.36799161444182055
0.005121833781387664      0.36790610415913927
0.0051314252304164795     0.3678208728741419
0.005141016679445295      0.36773592061020266
0.005150608128474111      0.3676512473906471
0.005160199577502926      0.36756685323875127
0.005169791026531742      0.36748273817774135
0.0051793824755605586     0.3673989022307931
0.005188973924589374      0.3673153454210351
0.00519856537361819       0.3672320677715452
0.0052081568226470054     0.36633016281049785
0.005217748271675821      0.36611714587927724
0.005227339720704638      0.36590439059402424
0.005236931169733454      0.3656918969984743
0.00524652261876227       0.36547966513631897
0.005256114067791085      0.3652676950512013
0.005265705516819901      0.36505598678671936
0.005275296965848717      0.3648445403864222
0.005284888414877532      0.3652036047791943
0.005294479863906348      0.36499556504221226
0.005304071312935164      0.36478781661552506
0.00531366276196398       0.3645803595541579
0.005323254210992796      0.36437319391308387
0.005332845660021612      0.36416631974722447
0.005342437109050428      0.36395973711144913
0.005352028558079243      0.3637534460605775
0.00536162000710806       0.3635474466493753
0.0053712114561368755     0.3633417389325582
0.005380802905165691      0.36313632296478954
0.005390394354194507      0.3629311988006824
0.005399985803223322      0.3627263664947953
0.005409577252252138      0.3625218261016386
0.0054191687012809546     0.36231757767566863
0.00542876015030977       0.36211362127129043
0.005438351599338587      0.36190995694285916
0.005447943048367402      0.3617065847446759
0.005457534497396218      0.3615035047309905
0.005467125946425034      0.36130071695600224
0.00547671739545385       0.3610982214738591
0.005486308844482666      0.3608960183386555
0.005495900293511481      0.3603901712304292
0.005505491742540297      0.3600869347071714
0.005515083191569113      0.35978397735314993
0.005524674640597928      0.35948129923916783
0.005534266089626745      0.35917890043598116
0.005543857538655561      0.35887678101429243
0.005553448987684377      0.3585749410447566
0.0055630404367131925     0.35827338059798214
0.005572631885742008      0.3579720997445233
0.005582223334770824      0.35767109855488544
0.00559181478379964       0.35737037709952696
0.005601406232828456      0.3570699354488554
0.0056109976818572715     0.3568033285357467
0.005620589130886087      0.3564805311911469
0.005630180579914903      0.356158036267666
0.0056397720289437184     0.3558358438486842
0.005649363477972534      0.3555139540175297
0.0056589549270013514     0.3551923668574744
0.005668546376030167      0.35487108245174104
0.005678137825058983      0.35455010088349564
0.005687729274087798      0.35422942223584947
0.005697320723116614      0.353909046591866
0.00570691217214543       0.3535889740345471
0.005716503621174246      0.353269204646849
0.005726095070203062      0.35294973851167005
0.005735686519231877      0.35263057571185613
0.005745277968260693      0.35231171633019925
0.005754869417289509      0.3519931604494382
0.005764460866318325      0.3516749081522568
0.005774052315347142      0.3513569595212883
0.005783643764375957      0.35124792314282827
0.005793235213404773      0.35079742686072946
0.0058028266624335885     0.3503472227403549
0.005812418111462404      0.34989731088549497
0.00582200956049122       0.34944769139988907
0.005831601009520036      0.3489983643872257
0.005841192458548852      0.3485493299511409
0.0058507839075776676     0.3481005881952202
0.005860375356606483      0.34765213922299665
0.0058699668056353        0.34720398313794926
0.005879558254664115      0.3467561200435094
0.005889149703692932      0.3463085500430548
0.0058987411527217475     0.3458612732399116
0.005908332601750563      0.34541428973735294
0.005917924050779379      0.3449675996386019
0.005927515499808194      0.3445212030468289
0.00593710694883701       0.34407510006515307
0.0059466983978658265     0.34362929079664056
0.005956289846894642      0.34318377534430666
0.005965881295923458      0.3427385538111147
0.005975472744952274      0.3422936262999764
0.00598506419398109       0.3418489929137491
0.0059946556430099055     0.34140465375524326
0.006004247092038721      0.34096060892721197
0.006013838541067538      0.34051685853235913
0.006023429990096353      0.340073402673337
0.006033021439125169      0.3396302414527445
0.0060426128881539845     0.33918737497312823
0.0060522043371828        0.33834493945684363
0.006061795786211616      0.33789528783407197
0.006071387235240432      0.3374459580904254
0.006080978684269249      0.3369969503426536
0.0060905701332980644     0.33717704978391827
0.00610016158232688       0.3365731919586239
0.006109753031355696      0.33596964643407823
0.006119344480384511      0.33536641334938844
0.006128935929413327      0.33476349284360785
0.006138527378442143      0.334160885055732
0.006148118827470958      0.3332913963127857
0.006157710276499774      0.3327557192555824
0.0061673017255285895     0.3322203066847098
0.006176893174557405      0.3316851587395327
0.006186484623586222      0.3311502755593757
0.006196076072615037      0.33061565728351433
0.006205667521643853      0.3300813040511766
0.0062152589706726685     0.32954721600154335
0.006224850419701484      0.3290133932737513
0.0062344418687303        0.32847983600688346
0.006244033317759116      0.3279465443399825
0.006253624766787932      0.32741351841204863
0.0062632162158167476     0.3268807583620218
0.006272807664845563      0.32634826432880676
0.006282399113874379      0.3258160364512462
0.0062919905629031945     0.32528407486815336
0.006301582011932012      0.3247523797182876
0.0063111734609608275     0.3242209511403597
0.006320764909989643      0.3236897892730302
0.006330356359018459      0.3231588942549219
0.006339947808047274      0.32262826622459584
0.00634953925707609       0.3220979053205911
0.0063591307061049065     0.3215678116813639
0.006368722155133722      0.32103798544535544
0.006378313604162538      0.32050842675094104
0.006387905053191353      0.31969508148464904
0.006397496502220169      0.3189926841858765
0.0064070879512489855     0.3182905355211714
0.006416679400277802      0.31758863565242984
0.0064262708493066185     0.31688698474153576
0.006435862298335434      0.31618558295033855
0.00644545374736425       0.31548443044062857
0.006455045196393065      0.3147835273741569
0.006464636645421881      0.3140828739126295
0.006474228094450697      0.3133824702177051
0.006483819543479513      0.3126823164510121
0.00649341099250833       0.3119824127741126
0.0065030024415371444     0.3112827593485441
0.006512593890565961      0.3105833563357865
0.006522185339594777      0.30988420389728766
0.006531776788623593      0.30918530219444124
0.0065413682376524096     0.308486651388597
0.006550959686681224      0.30778825164106766
0.006560551135710041      0.30709010311311175
0.0065701425847388565     0.3063922059659512
0.006579734033767672      0.30569456036075543
0.006589325482796489      0.3049971664586648
0.006598916931825304      0.304351617683359
0.00660850838085412       0.3036825908469608
0.006618099829882936      0.3030138535316002
0.006627691278911751      0.30234540590992337
0.006637282727940568      0.30167724815453273
0.006646874176969382      0.3010093804379708
0.006656465625998198      0.30034180293273843
0.006666057075027013      0.29967451581127286
0.006675648524055829      0.2990075192459749
0.006685239973084646      0.2981367840049661
0.006694831422113462      0.2973061066753659
0.006704422871142279      0.2964757011923244
0.0067140143201710935     0.29564556774979817
0.00672360576919991       0.294815706541692
0.006733197218228725      0.29398611776187583
0.006742788667257541      0.29315680160416036
0.006752380116286357      0.29261271878604
0.006761971565315173      0.2918344185108958
0.006771563014343988      0.2910563451427427
0.006781154463372804      0.2902784988786318
0.00679074591240162       0.28950087991557133
0.006800337361430435      0.28872348845052936
0.0068099288104592525     0.2879463246804352
0.006819520259488068      0.2871693888021768
0.006829111708516884      0.28639268101260135
0.0068387031575456985     0.28561620150851735
0.006848294606574516      0.28483995048669075
0.006857886055603331      0.28406392814384923
0.006867477504632146      0.2832881346766774
0.006877068953660961      0.28251257028182225
0.0068866604026897775     0.2817372351558881
0.006896251851718594      0.2809621294954398
0.00690584330074741       0.2801872534970024
0.006915434749776226      0.2794126073570574
0.006925026198805043      0.2786381912720493
0.006934617647833858      0.2778640054383781
0.006944209096862674      0.2770900500524083
0.0069538005458914896     0.2763163253104566
0.006963391994920304      0.27554283140880526
0.006972983443949121      0.27476956854369516
0.006982574892977936      0.2739965369113212
0.006992166342006752      0.27322373670784206
0.007001757791035569      0.2724511681293745
0.007011349240064383      0.2711037304942953
0.0070209406890932        0.2702112560871324
0.007030532138122015      0.26931900622107924
0.007040123587150831      0.2684269811123708
0.007049715036179648      0.26753518097718676
0.007059306485208463      0.26664360603168774
0.007068897934237278      0.26575225649197703
0.0070784893832660945     0.26486113257412985
0.007088080832294909      0.2639702344941751
0.007097672281323726      0.26307956246810366
0.007107263730352543      0.2621891167118654
0.007116855179381359      0.2612988974413784
0.007126446628410174      0.26106782802387013
0.00713603807743899       0.26011987878498605
0.007145629526467806      0.2591721234283564
0.0071552209754966204     0.2582245621802891
0.007164812424525439      0.25727719526705
0.0071744038735542534     0.25633002291487195
0.00718399532258307       0.255383045349957
0.007193586771611886      0.254436262798469
0.007203178220640702      0.2534896754865361
0.007212769669669519      0.25254328364025663
0.007222361118698333      0.2515970874856892
0.00723195256772715       0.25065108724886176
0.007241544016755965      0.2497052831557669
0.007251135465784781      0.24875967543235902
0.007260726914813596      0.24781426430456235
0.007270318363842412      0.24686904999826212
0.007279909812871228      0.24592403273931243
0.0072895012619000445     0.24497921275353254
0.00729909271092886       0.2439325130551259
0.007308684159957676      0.24306434439868232
0.007318275608986492      0.24219633299469737
0.007327867058015308      0.24132847906283736
0.007337458507044124      0.24046078282275388
0.007347049956072939      0.2395932444940578
0.007356641405101755      0.23872586429634088
0.00736623285413057       0.23785864244916172
0.007375824303159386      0.2369915791720509
0.007385415752188201      0.23612467468451703
0.007395007201217017      0.23525792920602967
0.007404598650245834      0.23439134295603922
0.00741419009927465       0.23352491615396204
0.007423781548303467      0.23265864901919342
0.007433372997332282      0.23171257644847792
0.007442964446361098      0.23071632295752315
0.007452555895389913      0.2297202028405279
0.007462147344418729      0.22872421633278361
0.007471738793447544      0.22772836366956148
0.007481330242476361      0.22673264508610472
0.007490921691505176      0.22573706081763617
0.007500513140533993      0.22474161109935295
0.0075101045895628075     0.22374629616642835
0.007519696038591624      0.22275111625401323
0.007529287487620439      0.22175607159722976
0.007538878936649256      0.2207611624311806
0.007548470385678073      0.21976638899094317
0.007558061834706887      0.21877175151156825
0.007567653283735704      0.2177772502280851
0.007577244732764519      0.21678288537549603
0.007586836181793335      0.2157886571887826
0.00759642763082215       0.21479456590289803
0.0076060190798509664     0.21380061175277332
0.007615610528879781      0.21280679497331623
0.007625201977908598      0.21181311579940645
0.007634793426937413      0.21081957446590177
0.00764438487596623       0.2098261712076343
0.007653976324995046      0.20883290625941178
0.007663567774023862      0.20783977985601973
0.0076731592230526785     0.20684679223221453
0.007682750672081494      0.2058539436227289
0.007692342121110311      0.20486123426227515
0.007701933570139125      0.20386866438553616
0.007711525019167942      0.20287623422717044
0.007721116468196757      0.20188394402181495
0.007730707917225572      0.20089179400407473
0.007740299366254387      0.19989978440854275
0.007749890815283204      0.19890791546977024
0.007759482264312022      0.19791618742229614
0.007769073713340837      0.1962537381568843
0.007778665162369653      0.195310085975595
0.007788256611398468      0.19436653385069036
0.007797848060427284      0.1934230820177589
0.007807439509456099      0.19247973071237623
0.007817030958484916      0.1915364801700966
0.00782662240751373       0.19059333062646006
0.007836213856542547      0.1896502823169793
0.00784580530557136       0.18917728705071582
0.007855396754600178      0.1881513570280663
0.007864988203628994      0.18712551212104353
0.00787457965265781       0.18609975257952208
0.007884171101686625      0.185074078653363
0.00789376255071544       0.1840484905924027
0.007903353999744256      0.18302298864647415
0.007912945448773072      0.18199757306538528
0.00792253689780189       0.1809722440989332
0.007932128346830705      0.17994700199689745
0.00794171979585952       0.1789218470090427
0.007951311244888336      0.177896779385118
0.007960902693917154      0.17687179937485475
0.00797049414294597       0.17584690722797025
0.007980085591974783      0.17482210319416805
0.0079896770410036        0.17379738752313123
0.007999268490032416      0.17277276046452916
0.008008859939061233      0.17174822226801628
0.008018451388090047      0.1707237731832292
0.008028042837118865      0.16969941345978976
0.00803763428614768       0.16867514334730307
0.008047225735176496      0.16765096309535613
0.00805681718420531       0.16662687295352446
0.008066408633234127      0.1656028731713649
0.008076000082262945      0.16457896399841715
0.00808559153129176       0.16355514568420415
0.008095182980320578      0.16253141847823444
0.008104774429349391      0.16150778263000054
0.008114365878378209      0.1604842383889782
0.008123957327407024      0.15946078600462413
0.008133548776435842      0.1584374257263803
0.008143140225464657      0.1574141578036744
0.008152731674493473      0.1563909824859152
0.008162323123522289      0.15536790002249573
0.008171914572551104      0.15408277091233394
0.008181506021579922      0.1530435812156788
0.008191097470608737      0.15200446069869084
0.008200688919637553      0.15096540961243188
0.008210280368666369      0.14992642820796212
0.008219871817695184      0.14888751673632247
0.008229463266724002      0.1478486754485434
0.008239054715752817      0.14680990459564086
0.008248646164781633      0.14577120442861669
0.008258237613810449      0.14473257519846777
0.008267829062839264      0.143694017156168
0.00827742051186808       0.14265553055268315
0.008287011960896895      0.14161711563896884
0.008296603409925711      0.14057877266596333
0.008306194858954528      0.13954050188459496
0.008315786307983342      0.13850230354577464
0.008325377757012158      0.13753909774461023
0.008334969206040974      0.13647346398832094
0.008344560655069791      0.13540789936909436
0.008354152104098607      0.13434240414587803
0.008363743553127422      0.13327697857759765
0.008373335002156238      0.1322116229231735
0.008382926451185053      0.1311463374415122
0.00839251790021387       0.13008112239150024
0.008402109349242685      0.12901597803202275
0.008411700798271502      0.12815939909616356
0.008421292247300316      0.12710133851171085
0.008430883696329133      0.1260433344806944
0.008440475145357949      0.12498538726227387
0.008450066594386765      0.12392749711558311
0.00845965804341558       0.12286966429975665
0.008469249492444398      0.12181188907391563
0.008478840941473212      0.12075417169717281
0.008488432390502029      0.11969651242862732
0.008498023839530843      0.11863891152736858
0.008507615288559658      0.11758136925247714
0.008517206737588474      0.11652388586301957
0.00852679818661729       0.11546646161805861
0.008536389635646107      0.11443707370666235
0.008545981084674923      0.11339151047247444
0.008555572533703738      0.11234600044171739
0.008565163982732554      0.1113005438684962
0.008574755431761371      0.11025514100690895
0.008584346880790189      0.10920979211104515
0.008593938329819004      0.108164497434974
0.008603529778847818      0.10711925723277084
0.008613121227876636      0.1060740717584852
0.008622712676905451      0.10502894126616989
0.008632304125934267      0.10398386600986338
0.008641895574963082      0.10277553042669893
0.008651487023991898      0.10173980538848017
0.008661078473020714      0.10070412294926633
0.008670669922049528      0.09966848336389178
0.008680261371078345      0.09863288688718981
0.00868985282010716       0.0975973337739716
0.008699444269135978      0.09656182427905173
0.008709035718164794      0.09556285766701139
0.00871862716719361       0.09449599038840675
0.008728218616222425      0.09342916036160603
0.00873781006525124       0.09236236784656139
0.008747401514280056      0.09129561310320773
0.008756992963308872      0.09022889639148936
0.008766584412337687      0.08916221797133596
0.008776175861366503      0.0880955781026689
0.00878576731039532       0.08702897704540764
0.008795358759424136      0.08596241505945457
0.008804950208452952      0.08489589240472144
0.008814541657481767      0.08382940934109809
0.008824133106510585      0.08276296612847237
0.008833724555539402      0.08169656302672633
0.008843316004568216      0.08063020029573512
0.008852907453597032      0.07956387819535995
0.008862498902625847      0.07858077103765013
0.008872090351654663      0.0775224219876927
0.008881681800683478      0.07646410046484459
0.008891273249712294      0.07540580672903537
0.00890086469874111       0.07434754104017295
0.008910456147769925      0.07328930365817085
0.008920047596798743      0.07223109484293634
0.008929639045827558      0.07117291485437034
0.008939230494856377      0.07011476395237133
0.008948821943885191      0.06905664239682768
0.008958413392914009      0.06799855044762353
0.008968004841942824      0.06694048836464281
0.00897759629097164       0.06588245640775514
0.008987187740000456      0.06482445483683302
0.008996779189029273      0.06376648391174192
0.009006370638058087      0.06270854389233459
0.009015962087086903      0.061650635038466864
0.009025553536115718      0.06059275760998245
0.009035144985144534      0.05953491186672479
0.00904473643417335       0.058514278952022235
0.009054327883202167      0.057474793870800116
0.009063919332230982      0.0564353346319396
0.009073510781259798      0.055395901490975445
0.009083102230288615      0.05435649470344332
0.009092693679317431      0.053245640570441045
0.009102285128346247      0.052175781044689035
0.009111876577375062      0.05110593163897843
0.009121468026403878      0.050036092611859616
0.009131059475432694      0.0489662642218893
0.00914065092446151       0.04789644672761498
0.009150242373490325      0.04682664038758256
0.00915983382251914       0.04575684546033961
0.009169425271547958      0.044687062204427384
0.009179016720576774      0.04361729087838725
0.00918860816960559       0.04254753174075921
0.009198199618634405      0.04147778505007876
0.00920779106766322       0.040408051064881066
0.009217382516692036      0.039338330043695295
0.009226973965720853      0.03826862224505275
0.009236565414749669      0.0371989279274777
0.009246156863778485      0.03612924734949815
0.009255748312807302      0.03505958076963404
0.009265339761836118      0.03398992844640392
0.009274931210864933      0.03292029063832687
0.009284522659893749      0.03185066760391422
0.009294114108922566      0.030781059601678394
0.00930370555795138       0.029711466890128362
0.009313297006980198      0.028641889727769532
0.009322888456009013      0.02757232837310498
0.009332479905037829      0.02650278308463518
0.009342071354066644      0.0254332541208568
0.00935166280309546       0.024363741740264823
0.009361254252124276      0.023294246201351305
0.009370845701153091      0.022224767762602415
0.009380437150181907      0.021155306682505485
0.009390028599210723      0.020085863219544416
0.009399620048239538      0.019016437632194638
0.009409211497268356      0.017947030178935588
0.009418802946297173      0.016877641118238213
0.009428394395325989      0.015808270708570476
0.009437985844354804      0.014738919208403523
0.009447577293383618      0.013669586876198542
0.009457168742412434      0.0126002739704121
0.00946676019144125       0.011530980749505084
0.009476351640470067      0.010461707471928056
0.009485943089498882      0.009792486254583507
0.009495534538527698      0.008767338458219033
0.009505125987556514      0.00774219902614907
0.00951471743658533       0.0067170682103077925
0.009524308885614145      0.005691946262641718
0.009533900334642962      0.004666833435029768
0.009543491783671778      0.003641729979442772
0.009553083232700594      0.002616636147795798
0.009562674681729411      0.0015915521920025057
0.009572266130758227      5.664783639912709E-4
