% Model:              Two_segments_demag.mph
% Version:            COMSOL 5.6.0.341
% Date:               Feb 13 2022, 15:17
% Dimension:          1
% Nodes:              1000
% Expressions:        1
% Description:        Line graph
% s                       Height
0                         6.884000353415672E-5
0                         0.0015769426332167818
1.3897320205488243E-5     0.0030850383400513157
2.7794640410976133E-5     0.004593126499469507
4.169196061646467E-5      0.006101206486872305
5.558928082195236E-5      0.007609277677690153
6.948660102744197E-5      0.009117339447350938
8.33839212329287E-5       0.010625391171293694
9.728124143841602E-5      0.012133432224921338
1.1117856164390648E-4     0.01359832656634457
1.2507588184939246E-4     0.015123052632444938
1.3897320205488194E-4     0.01664776414325984
1.5287052226037104E-4     0.018172460468587212
1.6676784246585878E-4     0.019697140978244997
1.8066516267134652E-4     0.021221805042043147
1.9456248287683423E-4     0.022746452029797155
2.0845980308232246E-4     0.024271081311332363
2.223571232878111E-4      0.025795692256476
2.362544434932987E-4      0.027320284235060683
2.5015176369878666E-4     0.028844856616921787
2.640490839042749E-4      0.030369408771902244
2.7794640410976263E-4     0.031893940069856026
2.9184372431525243E-4     0.03341844988063554
3.057410445207398E-4      0.03494293757409591
3.196383647262282E-4      0.03646740252010815
3.33535684931717E-4       0.037991844088542094
3.4743300513720405E-4     0.039518830391002624
3.6133032534269277E-4     0.041043892268169305
3.752276455481797E-4      0.04256891950283661
3.8912496575366787E-4     0.04409391146264982
4.030222859591568E-4      0.04561886751529597
4.1691960616464644E-4     0.047143787028459457
4.3081692637013337E-4     0.048661838156801564
4.447142465756217E-4      0.05020266638027836
4.5861156678111026E-4     0.05174345618336375
4.7250888698659844E-4     0.05328420692861838
4.864062071920848E-4      0.05482491797862928
5.003035273975742E-4      0.05636558869598924
5.142008476030616E-4      0.05790621844331421
5.280981678085496E-4      0.05944680658321172
5.419954880140378E-4      0.06098735247831191
5.558928082195256E-4      0.06253757780826986
5.697901284250144E-4      0.06408372274323469
5.836874486305028E-4      0.06562981726674066
5.975847688359903E-4      0.06717553066475569
6.114820890414781E-4      0.06872814258385612
6.253794092469679E-4      0.07028070553157542
6.392767294524553E-4      0.07183321886393795
6.531740496579424E-4      0.07338568193705697
6.670713698634321E-4      0.07493809410696793
6.809686900689199E-4      0.07650851949746305
6.948660102744093E-4      0.07806680443177434
7.087633304798964E-4      0.0796250286850863
7.22660650685385E-4       0.08118319161035066
7.365579708908728E-4      0.08274129256046923
7.504552910963621E-4      0.08429933088836403
7.643526113018495E-4      0.08589441161715204
7.782499315073375E-4      0.08746867244912765
7.92147251712826E-4       0.08904287486403578
8.060445719183137E-4      0.09061701820881546
8.199418921238015E-4      0.09219110183041955
8.338392123292895E-4      0.09376512507581135
8.477365325347788E-4      0.09533908729196337
8.616338527402652E-4      0.09691346625434853
8.755311729457559E-4      0.09850308110227635
8.894284931512427E-4      0.10009262173688496
9.033258133567305E-4      0.10168208749921533
9.172231335622181E-4      0.10327147773034066
9.311204537677068E-4      0.10486079177133141
9.450177739731959E-4      0.10645002896331633
9.589150941786834E-4      0.10803918864743424
9.728124143841717E-4      0.10966498773880756
9.867097345896596E-4      0.111284937348375
0.001000607054795147      0.11290481422662484
0.001014504375000636      0.11452461770532563
0.0010284016952061242     0.11614434711630026
0.0010422990154116119     0.11776400179141194
0.0010561963356170996     0.11937815155280922
0.001070093655822589      0.12099753908819592
0.001083990976028076      0.1226168335041768
0.0010978882962335659     0.12423603412784734
0.0011117856164390525     0.12585514028637854
0.0011256829366445413     0.1274741513069182
0.0011395802568500298     0.12910886152283388
0.0011534775770555184     0.1307520732108202
0.0011673748972610065     0.13239519885792372
0.001181272217466494      0.1340382377822861
0.0011951695376719816     0.13568118930208223
0.0012090668578774704     0.13732405273550488
0.0012229641780829587     0.13896682740076363
0.0012368614982884475     0.1406095126161495
0.0012507588184939359     0.14226120462534778
0.0012646561386994225     0.1439359051401082
0.0012785534589049114     0.14561050229134628
0.0012924507791103996     0.14728499538615275
0.0013063480993158883     0.1489593837316867
0.0013202454195213762     0.15063366663511676
0.001334142739726863      0.15230784340364298
0.001348040059932352      0.1539819133444829
0.0013619373801378413     0.1556558757649095
0.001375834700343328      0.15735799971475173
0.0013897320205488164     0.15906210856938696
0.0014036293407543048     0.16076612080930752
0.001417526660959792      0.16247003573064167
0.0014314239811652806     0.16417385262944834
0.0014453213013707702     0.165877570801903
0.0014592186215762566     0.16755018857324336
0.0014731159417817451     0.16927496404055162
0.0014870132619872333     0.17099962604679425
0.0015009105821927207     0.1727241738784476
0.0015148079023982102     0.17444860682205232
0.0015287052226036983     0.17617292416415178
0.0015426025428091868     0.17789712519132894
0.0015564998630146739     0.17966717414504688
0.0015703971832201635     0.18140411470224424
0.001584294503425651      0.1831409522033776
0.0015981918236311393     0.18487768592674597
0.0016120891438366272     0.1866143151506607
0.0016259864640421151     0.18831676316878113
0.001639883784247604      0.19008964689289803
0.001653781104453092      0.19186241641189355
0.0016676784246585793     0.19363507099194863
0.0016815757448640683     0.19540760989932257
0.0016954730650695566     0.19718003240024884
0.0017093703852750445     0.19895233776101584
0.0017232677054805324     0.200724525247961
0.0017371650256860212     0.20252238834177103
0.0017510623458915084     0.20433383871730015
0.0017649596660969972     0.2061451807303508
0.0017788569863024853     0.2079564136356305
0.001792754306507974      0.20976753668787687
0.0018066516267134616     0.21156127481967182
0.0018205489469189503     0.21336101676574937
0.0018344462671244378     0.21516062906181846
0.0018483435873299274     0.21696011095716367
0.0018622409075354143     0.2187594617011489
0.0018761382277409022     0.2206241384873722
0.0018900355479463916     0.22247837202735155
0.0019039328681518782     0.2243324721661299
0.0019178301883573659     0.2261959339943304
0.0019317275085628562     0.22803774390087492
0.001945624828768343      0.22987944139502037
0.0019595221489738315     0.2317210257085041
0.0019734194691793205     0.23356249607314009
0.0019873167893848086     0.2354038517207322
0.0020012141095902963     0.23724509188314816
0.0020151114297957845     0.23908621579226486
0.0020290087500012726     0.2409613046644375
0.0020429060702067607     0.24286581652113537
0.0020568033904122497     0.244770207488646
0.0020707007106177365     0.24667447678195714
0.002084598030823225      0.24857862361603952
0.002098495351028714      0.25048264720593433
0.0021123926712342004     0.25238654676670974
0.00212628999143969       0.25428235360877904
0.0021401873116451775     0.25621427959519544
0.0021540846318506652     0.2581460965903488
0.0021679819520561538     0.26007780379832474
0.0021818792722616428     0.26200940042319465
0.0021957765924671305     0.26394088566907986
0.002209673912672619      0.2658694420929489
0.0022235712328781054     0.2677960517183319
0.0022374685530835935     0.2697225327873878
0.0022513658732890825     0.27164888449654495
0.00226526319349457       0.27357476315001217
0.0022791605137000587     0.2755681972553361
0.0022930578339055473     0.277561507543081
0.002306955154111036      0.2795546931943313
0.002320852474316523      0.28156036671048373
0.0023347497945220117     0.28352410142129264
0.0023486471147275        0.2854877368961018
0.002362544434932988      0.28745127231467343
0.0023764417551384765     0.28941470685680715
0.0023903390753439646     0.29137803970229387
0.002404236395549452      0.2933412700310176
0.0024181337157549395     0.29532145053810016
0.002432031035960428      0.2973525442060231
0.0024459283561659166     0.29938353786363886
0.002459825676371405      0.30141443067352053
0.002473722996576892      0.3034452217982376
0.00248762031678238       0.3054759104004132
0.002501517636987869      0.30750649564267524
0.0025154149571933577     0.30952807176060926
0.002529312277398845      0.3115829557431286
0.0025432095976043335     0.31363775485734685
0.002557106917809821      0.3156924682567707
0.0025710042380153097     0.31774709509499227
0.002584901558220797      0.3198016345255965
0.002598798878426285      0.32185608570218205
0.002612696198631774      0.32391787607448747
0.0026265935188372626     0.32597044708451633
0.00264049083904275       0.32802291429255914
0.002654388159248238      0.3300752768421086
0.002668285479453726      0.33212441570322315
0.0026821827996592147     0.33425178518263476
0.0026960801198647024     0.33637906354230235
0.0027099774400701914     0.33853214631563794
0.0027238747602756803     0.34061291675965844
0.002737772080481167      0.3426936260296256
0.002751669400686656      0.34477427325597365
0.0027655667208921434     0.3468548575691157
0.002779464041097631      0.3489353780994869
0.0027933613613031205     0.35101583397754893
0.002807258681508608      0.35309622433374516
0.0028211560017140955     0.35517654829857515
0.0028350533219195857     0.3573098654190494
0.0028489506421250734     0.35946552969213746
0.0028628479623305603     0.3616211413613964
0.0028767452825360497     0.36377669954063074
0.0028906426027415382     0.3659322033436408
0.002904539922947025      0.3680876518842443
0.002918437243152514      0.37024304427626986
0.0029323345633580017     0.37239564034836387
0.0029462318835634907     0.37454093113692777
0.002960129203768979      0.3766861892422599
0.0029740265239744674     0.37883141377612517
0.002987923844179955      0.38097660385031
0.0030018211643854428     0.38312175857657704
0.0030157184845909313     0.3852980583025451
0.003029615804796418      0.38746371966928
0.003043513125001908      0.3896293429817374
0.0030574104452073974     0.3917949273387742
0.003071307765412884      0.39387665511177056
0.003085205085618373      0.3960935518176682
0.00309910240582386       0.3983104290574357
0.003112999726029349      0.40052728591986175
0.003126897046234837      0.40274412149375205
0.003140794366440325      0.4049566802111708
0.0031546916866458134     0.40711756383655545
0.003168589006851302      0.4092784518106508
0.00318248632705679       0.41143934323150844
0.0031963836472622778     0.4136002371971209
0.0032102809674677663     0.41576113280552024
0.003224178287673254      0.4179220291546915
0.0032380756078787425     0.4201543502174504
0.00325197292808423       0.42237911381561605
0.003265870248289718      0.4246038983906891
0.003279767568495207      0.4268287030284473
0.0032936648887006955     0.42905352681465975
0.003307562208906184      0.4312783688350792
0.0033214595291116713     0.43350322817544285
0.00333535684931716       0.4357363508504815
0.0033492541695226475     0.43792830959129486
0.0033631514897281365     0.44012031145900476
0.0033770488099336246     0.4423123555432429
0.0033909461301391123     0.44450444093362756
0.003404843450344601      0.446696566719746
0.0034187407705500886     0.4488887319911849
0.003432638090755577      0.4511619677210829
0.0034465354109610657     0.4533877187595845
0.0034604327311665538     0.4556135174653258
0.0034743300513720415     0.4578393629129904
0.00348822737157753       0.45994534097761364
0.0035021246917830177     0.46221640120080976
0.003516022011988506      0.4644875347766423
0.0035299193321939944     0.46686246391698494
0.003543816652399482      0.4690470967664434
0.0035577139726049698     0.4712318283979313
0.0035716112928104587     0.4734166578969255
0.0035855086130159464     0.47560158434887384
0.0035994059332214346     0.47778660683919627
0.0036133032534269222     0.4799717244532426
0.00362720057363241       0.4821569362763674
0.0036410978938378994     0.48434224139386683
0.0036549952140433875     0.4865276388910367
0.0036688925342488747     0.48875009297305894
0.003682789854454363      0.4910133908861795
0.003696687174659852      0.4932768131613465
0.0037105844948653404     0.4955403588704307
0.0037244818150708276     0.4978040270852498
0.0037383791352763166     0.5000678168775616
0.003752276455481804      0.5020666844535413
0.0037661737756872933     0.5042972983396616
0.0037800710958927814     0.5065280717366354
0.0037939684160982695     0.5087590037227901
0.0038078657363037564     0.5109900933763741
0.003821763056509245      0.5132213397756237
0.003835660376714733      0.5154527419986764
0.003849557696920221      0.5177324627946338
0.003863455017125709      0.5198696420381588
0.0038773523373311983     0.5220069997005059
0.0038912496575366847     0.5241445348860634
0.003905146977742174      0.5262822466991669
0.003919044297947661      0.5284201342440888
0.00393294161815315       0.5305581966250378
0.0039468389383586384     0.5326964329461931
0.003960736258564126      0.5348348423116268
0.003974633578769615      0.537110836256756
0.003988530898975103      0.5393070310326382
0.004002428219180591      0.5415034492738324
0.0040163255393860795     0.5437000900828262
0.004030222859591568      0.5458969525620189
0.004044120179797056      0.5480940358137315
0.004058017500002544      0.550291338940213
0.004071914820208033      0.5524888610436662
0.0040858121404135205     0.554686601226197
0.00409970946061901       0.5568017277580934
0.004113606780824498      0.5588710251530329
0.004127504101029985      0.560940568004368
0.004141401421235473      0.5630103554420041
0.0041552987414409616     0.5650803865957851
0.00416919606164645       0.5671506605954867
0.004183093381851939      0.5692432916088378
0.004196990702057426      0.5713877170767555
0.004210888022262915      0.5735324372842088
0.0042247853424684035     0.5756774513568061
0.004238682662673892      0.5778227584201214
0.00425257998287938       0.5799683575995833
0.004266477303084868      0.5821142480205656
0.004280374623290356      0.584260428808319
0.0042942719434958445     0.5863105878898393
0.004308169263701331      0.5883132495438255
0.00432206658390682       0.5903162329929748
0.0043359639041123076     0.5923195373932534
0.004349861224317797      0.5943231619005122
0.004363758544523284      0.596327105670513
0.004377655864728772      0.5983313678589152
0.00439155318493426       0.6003359476212715
0.0044054505051397495     0.6023408441130332
0.004419347825345237      0.6043460564895602
0.004433245145550726      0.6064751308317231
0.004447142465756213      0.6085682136041397
0.004461039785961702      0.6104136188906205
0.0044749371061671905     0.612364260068025
0.004488834426372678      0.6143153140918663
0.004502731746578167      0.616315022315299
0.004516629066783655      0.6182649694085075
0.004530526386989142      0.6202152947537328
0.0045444237071946315     0.6221659975578254
0.004558321027400119      0.6241170770275007
0.004572218347605608      0.6260685323693521
0.004586115667811096      0.6280203627898376
0.004600012988016584      0.6299725674953929
0.004613910308222072      0.6319251456921621
0.004627807628427561      0.6338689702528204
0.004641704948633049      0.6356601546827492
0.004655602268838538      0.6374517495163377
0.004669499589044026      0.6392437539972752
0.004683396909249514      0.6410361673691418
0.004697294229455001      0.6428289888754264
0.00471119154966049       0.6446222177594187
0.004725088869865978      0.6464158532643325
0.004738986190071467      0.648209894633208
0.004752883510276955      0.6502202280042769
0.004766780830482442      0.652107720563628
0.004780678150687931      0.6539956905470141
0.0047945754708934194     0.6552864704332861
0.004808472791098908      0.6570302546791084
0.0048223701113043966     0.6590043153326683
0.004836267431509884      0.6607021241582326
0.004850164751715372      0.662400421311668
0.00486406207192086       0.6640992060976453
0.004877959392126348      0.6657984778206735
0.004891856712331836      0.6674982357851086
0.004905754032537324      0.6691984792951502
0.004919651352742811      0.6708992076548582
0.004933548672948301      0.672600420168145
0.004947445993153788      0.6742637090696946
0.004961343313359277      0.6758094860787303
0.004975240633564765      0.6773557879420836
0.004989137953770254      0.6789026140052284
0.005003035273975742      0.6804499636135157
0.005016932594181229      0.681997836112118
0.005030829914386718      0.6835462308460453
0.0050447272345922065     0.685095147160146
0.005058624554797695      0.6866445843991187
0.005072521875003184      0.6881492927503184
0.00508641919520867       0.6897203763540065
0.00510031651541416       0.6912919307580885
0.0051142138356196475     0.6928639553320046
0.005128111155825136      0.6940515963556354
0.005142008476030624      0.6954175239136519
0.005155905796236113      0.6967839127901078
0.005169803116441601      0.6985323451151999
0.005183700436647089      0.6998994238775769
0.005197597756852577      0.7012670385582371
0.005211495077058066      0.7026351886085097
0.005225392397263553      0.7040038734795534
0.005239289717469041      0.7053730926223571
0.00525318703767453       0.706742845487758
0.005267084357880018      0.7081131315264089
0.005280981678085506      0.7094839501888112
0.005294878998290994      0.710855300925289
0.005308776318496482      0.7122271831860135
0.00532267363870197       0.7135995964209791
0.0053365709589074575     0.7149725400800194
0.005350468279112946      0.7163460136128168
0.005364365599318434      0.7171187853761233
0.005378262919523922      0.7182567120824214
0.005392160239729411      0.7193951390717397
0.0054060575599348985     0.7205340658551225
0.005419954880140386      0.7216734919434656
0.005433852200345875      0.7228134168475039
0.005447749520551362      0.7243019326863983
0.005461646840756851      0.7254057368112005
0.005475544160962339      0.7265101017938835
0.005489441481167826      0.7276150271787291
0.005503338801373314      0.7287205125098554
0.005517236121578803      0.7298265573312054
0.005531133441784291      0.7309331611865485
0.00554503076198978       0.732040323619485
0.0055589280821952665     0.7331480441734298
0.005572825402400755      0.7338643741824823
0.005586722722606243      0.7348918058034354
0.005600620042811731      0.7359197326027225
0.00561451736301722       0.7369481541610161
0.005628414683222708      0.737977070058862
0.005642312003428196      0.7392523283762871
0.005656209323633685      0.7401628448786303
0.005670106643839172      0.7410738992484742
0.005684003964044661      0.7419854911084847
0.005697901284250149      0.7428976200811556
0.005711798604455637      0.7438102857888094
0.005725695924661124      0.7447234878536092
0.0057395932448666125     0.7456372258975461
0.0057534905650721        0.7465514995424462
0.005767387885277589      0.7474663084099632
0.0057812852054830765     0.7480401844950435
0.005795182525688566      0.7488258554433618
0.005809079845894053      0.7496120199035265
0.005822977166099541      0.7503986775385922
0.005836874486305029      0.7515306687086926
0.0058507718065105175     0.7522623304035279
0.005864669126716005      0.7529945254806371
0.005878566446921493      0.7537272536341864
0.0058924637671269806     0.7544605145581792
0.005906361087332469      0.7551943079464584
0.005920258407537957      0.7559286334926976
0.005934155727743445      0.7566634908904084
0.005948053047948934      0.7573988798329284
0.005961950368154421      0.7581348000134364
0.005975847688359908      0.7585371389048167
0.005989745008565397      0.7592423717395863
0.0060036423287708855     0.7599480828525772
0.006017539648976373      0.7606542719629832
0.006031436969181863      0.7615039718962205
0.0060453342893873495     0.7620833672327536
0.006059231609592837      0.7626632694354226
0.006073128929798326      0.7632436782630352
0.006087026250003814      0.7638245934742259
0.006100923570209302      0.7644060148274773
0.0061148208904147905     0.7649879420811135
0.006128718210620277      0.7655703749932967
0.006142615530825766      0.7661533133220376
0.0061565128510312535     0.7667367568251755
0.006170410171236742      0.7669987360653775
0.00618430749144223       0.7674805820077508
0.0061982048116477175     0.7679628944595303
0.006212102131853205      0.7684456732124944
0.006225999452058694      0.7691847393759076
0.006239896772264181      0.7696174563000258
0.00625379409246967       0.7700506760838868
0.006267691412675158      0.7704843985471034
0.006281588732880645      0.7709186235091446
0.006295486053086133      0.7713533507893132
0.006309383373291622      0.7717885802067564
0.006323280693497109      0.7722243115804653
0.006337178013702598      0.772660544729276
0.0063510753339080855     0.7728158896761774
0.006364972654113573      0.7732205014859752
0.006378869974319061      0.7736255651632081
0.0063927672945245494     0.7740310805485177
0.006406664614730037      0.7746176132415872
0.006420561934935526      0.7749160904613444
0.006434459255141013      0.7752150467826818
0.006448356575346501      0.7755144820812705
0.006462253895551989      0.7758143962326347
0.006476151215757477      0.776114789112146
0.006490048535962965      0.776415660595028
0.0065039458561684535     0.7767170105563505
0.00651784317637394       0.7770188388710354
0.006531740496579429      0.7773211454138497
0.006545637816784917      0.777403017613215
0.006559535136990405      0.7776063757254523
0.006573432457195893      0.7778101785633132
0.006587329777401381      0.7780144260330236
0.006601227097606868      0.7782191180406677
0.006615124417812357      0.77863251833758
0.0066290217380178445     0.7788001392416405
0.006642919058223333      0.7789682387531547
0.006656816378428821      0.7791368168016122
0.006670713698634309      0.7793058733163555
0.006684611018839796      0.7794754082265748
0.006698508339045285      0.7796454214613101
0.006712405659250772      0.7798159129494506
0.006726302979456261      0.7797677837876416
0.0067402002996617486     0.779908617276224
0.006754097619867237      0.7800498881057918
0.006767994940072724      0.7801915962271248
0.0067818922602782125     0.7803337415908682
0.0067957895804837        0.7806014797265586
0.006809686900689189      0.7806439734748724
0.006823584220894676      0.7806869330486838
0.006837481541100164      0.7807303584303453
0.006851378861305652      0.7807742496020623
0.00686527618151114       0.7808186065458917
0.006879173501716628      0.780863429243745
0.006893070821922117      0.780908717677387
0.006906968142127604      0.7809544718284341
0.006920865462333092      0.7810006916783567
0.00693476278253858       0.7808332992894834
0.006948660102744068      0.7807827938371064
0.006962557422949556      0.7807327259325817
0.0069764547431550444     0.7806830955883362
0.006990352063360532      0.7806339028166585
0.00700424938356602       0.7807853195946133
0.0070181467037715075     0.7807004112935969
0.007032044023976996      0.7806159775422037
0.007045941344182484      0.7805320183749421
0.007059838664387972      0.7804485338261745
0.00707373598459346       0.7803655239301128
0.007087633304798948      0.7802829887208181
0.007101530625004435      0.780200928232205
0.007115427945209924      0.7801193424980347
0.007129325265415412      0.7797868730867084
0.0071432225856209        0.7796670961630626
0.007157119905826387      0.7795477555710719
0.0071710172260318755     0.7794288513673827
0.007184914546237363      0.7794351740297696
0.007198811866442852      0.7792314701503931
0.00721270918664834       0.7790282370792504
0.007226606506853827      0.77882547490204
0.007240503827059316      0.778623183704311
0.0072544011472648025     0.7784213635714647
0.007268298467470291      0.7782200145887538
0.00728219578767578       0.7780191368412828
0.007296093107881268      0.7778187304140072
0.007309990428086755      0.7774381388567955
0.0073238877482922436     0.777127230875082
0.00733778506849773       0.7768167707392832
0.007351682388703219      0.7765067585680819
0.0073655797089087075     0.7761971944800179
0.007379477029114194      0.7760919115591879
0.007393374349319683      0.775764487330768
0.007407271669525171      0.7754375548932786
0.00742116898973066       0.7751111143852398
0.007435066309936147      0.7747851659450167
0.007448963630141634      0.7744597097108189
0.007462860950347124      0.7741347458207023
0.007476758270552611      0.7738102744125682
0.007490655590758099      0.7734862956241636
0.007504552910963586      0.7728660318800736
0.007518450231169075      0.7724797477542289
0.007532347551374563      0.772093921233528
0.00754624487158005       0.7717085524836221
0.007560142191785539      0.7714725969654648
0.007574039511991027      0.7710068247470035
0.007587936832196516      0.7705415509718416
0.0076018341524020025     0.7700767758357476
0.007615731472607489      0.7696124995343279
0.00762962879281298       0.7691487222630342
0.007643526113018466      0.7686854442171636
0.007657423433223955      0.7682226655918483
0.007671320753429442      0.7677603865820779
0.00768521807363493       0.7672986073826706
0.007699115393840419      0.7665819391712305
0.007713012714045906      0.7659823862574434
0.007726910034251394      0.7653833128723779
0.007740807354456883      0.764784719250887
0.007754704674662371      0.7641866056276881
0.007768601994867858      0.7637984982509252
0.007782499315073346      0.7631786528784629
0.007796396635278836      0.7625593334144503
0.007810293955484323      0.7619405401178978
0.007824191275689812      0.76132227324764
0.0078380885958953        0.7607045330623514
0.00785198591610079       0.7600873198205412
0.007865883236306279      0.7594706337805559
0.007879780556511767      0.7586193741083359
0.007893677876717256      0.7579342092493049
0.007907575196922744      0.7572495386373465
0.007921472517128231      0.7565653625641227
0.00793536983733372       0.7558816813211255
0.007949267157539209      0.75519849519971
0.0079631644777447        0.7545740955346754
0.007977061797950187      0.7537910326225143
0.007990959118155677      0.7530085039951881
0.008004856438361165      0.7522265099812214
0.008018753758566654      0.7514450509089627
0.008032651078772142      0.7506641271066054
0.00804654839897763       0.749883738902172
0.008060445719183119      0.7491038866235165
0.008074343039388608      0.7483245705983209
0.008088240359594096      0.7472719129910237
0.008102137679799585      0.7463554956915038
0.008116035000005073      0.7454395804772355
0.008129932320210562      0.7445241677170756
0.00814382964041605       0.7436092577797142
0.008157726960621538      0.7428134556913009
0.008171624280827025      0.7418736279469256
0.008185521601032515      0.7409343668108612
0.008199418921238004      0.7399956726816822
0.008213316241443492      0.7390575459577904
0.008227213561648981      0.7381199870374002
0.008241110881854469      0.7371829963185627
0.008255008202059957      0.7362465741991445
0.008268905522265444      0.7350660242754807
0.008282802842470932      0.7340078901159846
0.008296700162676423      0.7329502722106922
0.008310597482881911      0.7318931709999983
0.008324494803087399      0.7308365869241172
0.008338392123292888      0.7297805204231168
0.008352289443498376      0.7287249719369067
0.008366186763703865      0.7276699419052266
0.008380084083909353      0.7265281377127273
0.008393981404114842      0.7253849937313399
0.008407878724320332      0.7242424270780501
0.00842177604452582       0.7231004382354552
0.008435673364731309      0.7219590276859789
0.008449570684936797      0.720818195911872
0.008463468005142286      0.7196779433951943
0.008477365325347774      0.7185382706178384
0.00849126264555326       0.7174768335000095
0.008505159965758749      0.71611481370581
0.008519057285964238      0.7147533468721323
0.008532954606169728      0.7133924335365578
0.008546851926375216      0.7120320742365013
0.008560749246580703      0.7106722695092049
0.008574646566786193      0.7093130198917373
0.00858854388699168       0.7079543259209953
0.00860244120719717       0.7065961881337076
0.008616338527402657      0.7052386070664273
0.008630235847608147      0.7038815832555302
0.008644133167813635      0.7025251172372272
0.00865803048801912       0.7011551227807252
0.00867192780822461       0.6998740471139067
0.0086858251284301        0.6985934399143325
0.008699722448635589      0.6970989329897233
0.008713619768841076      0.6955709028011469
0.008727517089046564      0.6940433300975859
0.008741414409252055      0.692516215490832
0.008755311729457543      0.6912329471383828
0.00876920904966303       0.6897037202422827
0.008783106369868518      0.6881750039159256
0.008797003690074008      0.6866467988060079
0.008810901010279497      0.6851191055590619
0.008824798330484983      0.68359192482147
0.008838695650690473      0.6820652572394457
0.00885259297089596       0.6805391034590588
0.00886649029110145       0.6790134641261952
0.008880387611306937      0.6774883398866035
0.008894284931512425      0.6759637313858627
0.008908182251717914      0.6742987908610215
0.008922079571923402      0.6725913546824799
0.008935976892128892      0.6708843879308299
0.008949874212334378      0.6691778912984176
0.008963771532539867      0.6674718654774235
0.008977668852745356      0.6657663111598999
0.008991566172950844      0.6640612290377411
0.009005463493156333      0.6623566198026941
0.009019360813361821      0.6606524841463626
0.00903325813356731       0.6589488227601966
0.009047155453772798      0.6570956377733136
0.009061052773978286      0.6553648505048963
0.009074950094183775      0.6536345744847969
0.009088847414389263      0.6521863635809352
0.009102744734594753      0.650292877449397
0.00911664205480024       0.6483998640363303
0.009130539375005728      0.646507324110188
0.009144436695211217      0.6445971139524326
0.009158334015416705      0.6428050196579476
0.009172231335622194      0.6410133298355672
0.009186128655827682      0.6392220452418855
0.00920002597603317       0.6374311666333846
0.009213923296238657      0.6356406947664296
0.009227820616444145      0.6338506303971944
0.009241717936649636      0.6319218464413584
0.009255615256855122      0.6299694925697068
0.009269512577060612      0.6280175088034218
0.009283409897266098      0.6260658959363867
0.009297307217471587      0.6241146547623829
0.009311204537677076      0.6221637860750563
0.009325101857882564      0.6202132906679625
0.009338999178088054      0.6182631693345503
0.009352896498293543      0.616313422868084
0.009366793818499029      0.6143255625692259
0.009380691138704518      0.6123756501946931
0.009394588458910006      0.6104261493022198
0.009408485779115495      0.6085973945426885
0.009422383099320983      0.6065024134659263
0.00943628041952647       0.6044078041256249
0.009450177739731959      0.6023136213807878
0.009464075059937446      0.6003120122645553
0.009477972380142934      0.5983107162277777
0.009491869700348422      0.5963097341137825
0.009505767020553911      0.5943090667657954
0.0095196643407594        0.5923087150269216
0.009533561660964886      0.5903086797402038
0.009547458981170376      0.5883089617485415
0.009561356301375864      0.5863095618947691
0.009575253621581355      0.584250800806466
0.00958915094178684       0.5821063917188712
0.009603048261992328      0.5799622734906064
0.009616945582197818      0.5778184469963759
0.009630842902403307      0.5756749131107828
0.009644740222608797      0.5735316727083299
0.009658637542814284      0.5713887266634511
0.009672534863019774      0.5692770217929427
0.009686432183225263      0.5671914938839844
0.00970032950343075       0.565106211484537
0.009714226823636238      0.5630211754666714
0.009728124143841726      0.5609363867023885
0.009742021464047216      0.5588518460635927
0.009755918784252703      0.5567675544221288
0.009769816104458191      0.5546216411548184
0.009783713424663679      0.552427450831413
0.009797610744869168      0.5502334873509682
0.009811508065074658      0.5480397516121436
0.009825405385280143      0.5458462445134998
0.009839302705485631      0.5436529669535202
0.00985320002569112       0.5414599198306214
0.009867097345896608      0.539269313390393
0.009880994666102096      0.5371471317763081
0.009894891986307584      0.5350251402167066
0.009908789306513075      0.5329033396013272
0.009922686626718562      0.5307817308198246
0.00993658394692405       0.5286603147617757
0.00995048126712954       0.526430064078671
0.009964378587335029      0.5242093959345279
0.009978275907540517      0.5219888944170425
0.009992173227746004      0.5197685604364584
0.01000607054795149       0.5175483949029412
0.010019967868156981      0.5153283987266358
0.01003386518836247       0.5131085728176004
0.010047762508567957      0.5108856290677555
0.010061659828773445      0.508702508436
0.010075557148978934      0.5065195225264801
0.010089454469184423      0.5043366722452983
0.01010335178938991       0.5021539584985084
0.010117249109595399      0.49997138219212617
0.010131146429800888      0.49773183173326485
0.010145043750006376      0.4955080442140902
0.010158941070211864      0.49328438757033016
0.010172838390417351      0.49106086272648125
0.01018673571062284       0.4888374706070069
0.01020063303082833       0.4867921758993359
0.010214530351033818      0.4845081985750259
0.010228427671239304      0.482224323694673
0.010242324991444793      0.47985368183687555
0.010256222311650283      0.4776645152826497
0.010270119631855769      0.47547542689084155
0.010284016952061258      0.4732864175762271
0.010297914272266746      0.47109748825355097
0.010311811592472233      0.4689086398375314
0.010325708912677721      0.4667198732428624
0.010339606232883207      0.4645311893841992
0.010353503553088696      0.4623425891761777
0.010367400873294184      0.4601540735333768
0.010381298193499673      0.4579383103950981
0.010395195513705161      0.455683297585329
0.01040909283391065       0.4534283337342993
0.010422990154116138      0.45117341976733394
0.010436887474321626      0.4489185566097428
0.010450784794527115      0.44666374518681606
0.010464682114732605      0.4444089864238051
0.01047857943493809       0.4421542812459524
0.01049247675514358       0.4399941497357647
0.010506374075349068      0.4378268403348816
0.010520271395554557      0.43565956176744847
0.010534168715760045      0.43349231493991625
0.010548066035965533      0.4313251007586995
0.010561963356171019      0.42915792013022164
0.010575860676376506      0.42699077396089913
0.010589757996581996      0.4246856430794278
0.010603655316787482      0.4224642519707904
0.010617552636992971      0.42024286681318473
0.01063144995719846       0.41802148852025073
0.010645347277403946      0.4158001180056337
0.010659244597609436      0.41357875618295153
0.010673141917814924      0.4113574039658365
0.010687039238020415      0.40921938901123506
0.0107009365582259        0.40706649321338273
0.010714833878431388      0.4049135962459683
0.010728731198636878      0.40276069900587524
0.010742628518842367      0.40052628844884425
0.010756525839047855      0.398340904050427
0.010770423159253341      0.39615549486112156
0.01078432047945883       0.3939700617795738
0.010798217799664318      0.3917846057044023
0.010812115119869806      0.38959912753422443
0.010826012440075293      0.3874136281676766
0.010839909760280781      0.38522810850338485
0.010853807080486272      0.3830637773077224
0.010867704400691758      0.3809381710557144
0.010881601720897246      0.3788125306532201
0.010895499041102734      0.3766868569862393
0.010909396361308223      0.3745611509407764
0.01092329368151371       0.3723790183877477
0.010937191001719197      0.3702217505398202
0.010951088321924686      0.3680644300387723
0.010964985642130175      0.36590705777880733
0.010978882962335663      0.36374963465405546
0.01099278028254115       0.361720076747521
0.011006677602746638      0.3595781237801966
0.011020574922952128      0.357436099179435
0.011034472243157614      0.3552940038315691
0.011048369563363102      0.3531459438423512
0.011062266883568591      0.35104771042294797
0.011076164203774079      0.3489494101659575
0.011090061523979566      0.3468510439408115
0.011103958844185054      0.34475261261689405
0.01111785616439054       0.34265411706367277
0.01113175348459603       0.34055555815056693
0.011145650804801517      0.33844244039960103
0.011159548125007005      0.33634825854235617
0.011173445445212492      0.3342539913477426
0.011187342765417982      0.332159639678075
0.01120124008562347       0.3300652043956214
0.011215137405828957      0.3279706863627534
0.011229034726034445      0.3258760864417847
0.011242932046239934      0.3238068141233105
0.011256829366445422      0.32178157861993933
0.011270726686650908      0.3197562558526862
0.011284624006856396      0.3177308466677395
0.011298521327061887      0.3157053519113306
0.011312418647267373      0.3136797724297184
0.011326315967472862      0.3116541090691529
0.01134021328767835       0.3096283626759196
0.01135411060788384       0.3074975985177348
0.011368007928089327      0.3054372883665075
0.011381905248294815      0.303376871538182
0.011395802568500306      0.3014977479536134
0.011409699888705794      0.29948171660890854
0.011423597208911281      0.29740240194509254
0.011437494529116767      0.29541091933441277
0.011451391849322255      0.29341932734467463
0.011465289169527746      0.2914276267976544
0.011479186489733232      0.28943581851515315
0.01149308380993872       0.2874439033190187
0.011506981130144207      0.2854518820311131
0.011520878450349697      0.28345975547332025
0.011534775770555186      0.2814675244675581
0.011548673090760674      0.2794751898357936
0.011562570410966163      0.27751828022483643
0.011576467731171651      0.2755642742249321
0.01159036505137714       0.2736101492669237
0.011604262371582626      0.27165590615866325
0.011618159691788114      0.26970154570803545
0.011632057011993603      0.2677470687229287
0.011645954332199091      0.2657924760112953
0.01165985165240458       0.2638459585511078
0.011673748972610067      0.26195003749851026
0.011687646292815556      0.2600540047685442
0.011701543613021045      0.25815786115341544
0.011715440933226535      0.2562616074453044
0.011729338253432023      0.25436524443645037
0.01174323557363751       0.25242419041553693
0.011757132893842998      0.25050186696752585
0.011771030214048487      0.24857941366900763
0.011784927534253973      0.24665683131200355
0.011798824854459464      0.24480193536842842
0.011812722174664952      0.24293036482830668
0.011826619494870442      0.24105866026388637
0.01184051681507593       0.23918682245391537
0.011854414135281417      0.23730166768639646
0.011868311455486906      0.2354407851888739
0.011882208775692392      0.23357978669279175
0.011896106095897882      0.23171867296566004
0.01191000341610337       0.22985744477499925
0.011923900736308857      0.22799610288839195
0.011937798056514346      0.2261346480734406
0.011951695376719832      0.2242730810977584
0.011965592696925324      0.22243442394203286
0.01197949001713081       0.2206094563296429
0.011993387337336297      0.21878436587995612
0.012007284657541787      0.2169591533474075
0.012021181977747274      0.21513381948646426
0.012035079297952762      0.21330836505162942
0.01204897661815825       0.21148279079745452
0.01206287393836374       0.20966754400807244
0.012076771258569227      0.20789553701438118
0.012090668578774713      0.20612341718280505
0.012104565898980202      0.20435118525372584
0.01211846321918569       0.20257884196755674
0.012132360539391181      0.2008063880647377
0.012146257859596667      0.19903382428575608
0.012160155179802155      0.19722355366178906
0.012174052500007644      0.1954291026263302
0.012187949820213132      0.1936345223953893
0.012201847140418621      0.1918398137077954
0.012215744460624109      0.19014130482390507
0.012229641780829598      0.18839860910957215
0.012243539101035086      0.18665578360053073
0.012257436421240574      0.18489037892243
0.012271333741446063      0.1831465729907728
0.012285231061651553      0.18140265840352554
0.01229912838185704       0.17965863587849304
0.012313025702062526      0.17791450613349638
0.012326923022268016      0.17617026988640433
0.012340820342473505      0.1744259278551023
0.012354717662678993      0.17268148075751225
0.012368614982884482      0.1709369293115781
0.01238251230308997       0.16922704704073419
0.01239640962329546       0.1675300088492352
0.012410306943500949      0.1658328588579629
0.012424204263706436      0.16413559777071934
0.012438101583911924      0.16243822629130605
0.012451998904117415      0.16074074512356415
0.012465896224322905      0.15904315497138316
0.01247979354452839       0.15734545653863993
0.012493690864733878      0.15566089442408515
0.012507588184939368      0.1539925998284183
0.012521485505144854      0.1523242111309793
0.012535382825350343      0.15065572902510638
0.01254928014555583       0.1489871542041303
0.012563177465761318      0.14731848736146066
0.012577074785966808      0.14564972919048533
0.012590972106172296      0.14396226698838657
0.012604869426377785      0.14230699755822548
0.012618766746583274      0.14065162549981267
0.012632664066788759      0.13899615149740813
0.012646561386994248      0.13734057623530224
0.012660458707199737      0.13568490039778625
0.012674356027405227      0.13402912466919703
0.012688253347610715      0.13237324973390877
0.012702150667816202      0.13074004207450032
0.012716047988021688      0.12911187375633207
0.012729945308227178      0.1274836216774832
0.012743842628432667      0.12585528651232034
0.012757739948638155      0.12422686893522952
0.012771637268843644      0.12259836962062207
0.01278553458904913       0.12096978924294534
0.01279943190925462       0.11934112847663589
0.012813329229460107      0.11771238799617985
0.012827226549665597      0.11611466380944069
0.012841123869871086      0.11450561286527423
0.012855021190076572      0.112896474709956
0.012868918510282061      0.11128725000853965
0.012882815830487549      0.10967793942603375
0.012896713150693037      0.1080685436275228
0.012910610470898526      0.10645906327809347
0.012924507791104014      0.10482110652944947
0.012938405111309502      0.1032454580241312
0.012952302431514991      0.10166973453401865
0.012966199751720479      0.10009393671576694
0.012980097071925966      0.09851806522604532
0.012993994392131454      0.09694212072155205
0.013007891712336942      0.09536610385899605
0.013021789032542431      0.09379001529512915
0.013035686352747917      0.092213855686692
0.013049583672953407      0.090637625690461
0.013063480993158894      0.08906132596322949
0.013077378313364384      0.08748025078102716
0.013091275633569871      0.0858944477223399
0.01310517295377536       0.08430858937054593
0.01311907027398085       0.0827190728422528
0.013132967594186336      0.08116640242764095
0.013146864914391826      0.07961367948602542
0.013160762234597313      0.07806090466317113
0.013174659554802804      0.07650807860484427
0.01318855687500829       0.07495520195683725
0.013202454195213778      0.07340227536495729
0.013216351515419267      0.07184703028586832
0.013230248835624757      0.07028973427129859
0.013244146155830245      0.06873238235572907
0.01325804347603573       0.06717497518140214
0.013271940796241218      0.06561751339062119
0.01328583811644671       0.06405999762570015
0.013299735436652195      0.06250242852892217
0.013313632756857683      0.06096076523848325
0.01332753007706317       0.059433609713482445
0.013341427397268662      0.05790640611532224
0.013355324717474148      0.056379155079206274
0.013369222037679636      0.05484518784270549
0.013383119357885123      0.053307571518277995
0.013397016678090613      0.05176991839475606
0.0134109139982961        0.050232229107328254
0.013424811318501588      0.04869450429122053
0.013438708638707076      0.047156744581650305
0.013452605958912567      0.04561895061384698
0.013466503279118053      0.0440811230230704
0.013480400599323544      0.042543262444550825
0.013494297919529032      0.04100536951356514
0.013508195239734523      0.039504543802074216
0.013522092559940009      0.037980583568429205
0.013535989880145496      0.03645659934174958
0.013549887200350984      0.034932591753035286
0.013563784520556474      0.03340856143329573
0.013577681840761961      0.03188450901356147
0.013591579160967447      0.030360435124835588
0.013605476481172937      0.028836340398163067
0.013619373801378426      0.02731222546457502
0.013633271121583914      0.025788090955106514
0.013647168441789403      0.024263937500809466
0.013661065761994889      0.022739765732732158
0.013674963082200378      0.02121557628193374
0.013688860402405868      0.01969136977947132
0.013702757722611354      0.018167146856416308
0.013716655042816843      0.016674875237292056
0.013730552363022331      0.015164160426621987
0.01374444968322782       0.01365343270240276
0.01375834700343331       0.012142692689843467
0.013772244323638796      0.010631941014123222
0.013786141643844289      0.009121178300430835
0.013800038964049775      0.007610405173995241
0.013813936284255262      0.006099622260020544
0.01382783360446075       0.004588830183701176
0.01384173092466624       0.0030780295702553754
0.013855628244871729      0.001567221044912771
0.013869525565077215      5.640523287635137E-5
