% Model:              Two_segments_demag.mph
% Version:            COMSOL 5.6.0.341
% Date:               Feb 13 2022, 15:37
% Dimension:          1
% Nodes:              1000
% Expressions:        1
% Description:        Line graph
% s                       Height
0                         8.605452268175291E-4
0                         0.002526370862548925
9.591449028816366E-6      0.004192213043223679
1.918289805763298E-5      0.005858071360181283
2.8774347086448666E-5     0.007523945404747399
3.83657961152646E-5       0.009189834768272582
4.795724514408012E-5      0.010855739042094243
5.754869417289576E-5      0.012521657817510837
6.714014320171168E-5      0.014187590685835035
7.673159223052834E-5      0.01585353723843416
8.632304125934313E-5      0.01751949706659136
9.59144902881594E-5       0.019185469761633378
1.05505939316975E-4       0.02028368323183424
1.1509738834579111E-4     0.022012971215061038
1.2468883737460712E-4     0.02374228808980407
1.3428028640342338E-4     0.02547163343575713
1.4387173543223888E-4     0.02720100683262438
1.5346318446105397E-4     0.02893040786009464
1.6305463348986995E-4     0.030659836097864063
1.7264608251868672E-4     0.03238929112560874
1.8223753154750292E-4     0.03411877252301155
1.9182898057631734E-4     0.035848279869746494
2.0142042960513465E-4     0.037577812745482914
2.110118786339494E-4      0.03930737072988738
2.206033276627654E-4      0.041036953402619106
2.301947766915814E-4      0.042766560343335244
2.3978622572039715E-4     0.04449619113168624
2.4937767474921257E-4     0.04622584534732259
2.589691237780289E-4      0.04795552256988847
2.685605728068444E-4      0.049685222379018006
2.781520218356609E-4      0.05141494435435366
2.87743470864477E-4       0.053144688075520786
2.973349198932918E-4      0.054874453122147636
3.0692636892210815E-4     0.05660423907386293
3.165178179509231E-4      0.058334045510280354
3.261092669797397E-4      0.06006387201101838
3.357007160085555E-4      0.06179371815569047
3.452921650373708E-4      0.0635235835238996
3.548836140661871E-4      0.06525346769525431
3.6447506309500373E-4     0.06698337024936092
3.7406651212381936E-4     0.0687132907658082
3.836579611526346E-4      0.07044322882419504
3.932494101814505E-4      0.07217318400411438
4.028408592102664E-4      0.0739031558851524
4.124323082390816E-4      0.0756331440468928
4.2202375726789796E-4     0.07736314806892418
4.3161520629671424E-4     0.07909316753081151
4.412066553255306E-4      0.08082320201214077
4.507981043543455E-4      0.0825532510924854
4.6038955338316125E-4     0.08419897721222451
4.699810024119777E-4      0.0859277590660169
4.7957245144079327E-4     0.08765658327900179
4.891639004696085E-4      0.08938544943153033
4.987553494984238E-4      0.09111435710395004
5.083467985272403E-4      0.09284330587660083
5.179382475560574E-4      0.09457229532981151
5.275296965848718E-4      0.09630132504391459
5.371211456136882E-4      0.09803039459921738
5.467125946425042E-4      0.09975950357603691
5.563040436713194E-4      0.10148865155467238
5.658954927001355E-4      0.10321783811542148
5.75486941728951E-4       0.10494706283857343
5.850783907577665E-4      0.10667632530440604
5.946698397865832E-4      0.10840562509319758
6.042612888153994E-4      0.11013496178521628
6.138527378442138E-4      0.11186433496071944
6.234441868730302E-4      0.11359374419996424
6.330356359018465E-4      0.11532318908319433
6.42627084930661E-4       0.11705266919065506
6.522185339594776E-4      0.11878218410258201
6.618099829882934E-4      0.12051173339919431
6.714014320171109E-4      0.12224131666072457
6.809928810459267E-4      0.12397093346737693
6.905843300747417E-4      0.125700583399369
7.001757791035563E-4      0.1274302660368974
7.097672281323732E-4      0.12915998096015924
7.193586771611887E-4      0.1308897277493443
7.289501261900052E-4      0.13261950598464367
7.385415752188205E-4      0.1343493152462177
7.481330242476363E-4      0.13581867927713043
7.577244732764521E-4      0.13747807561716466
7.673159223052684E-4      0.1391375237311092
7.76907371334084E-4       0.14079702320762458
7.864988203628998E-4      0.14276306728381702
7.960902693917156E-4      0.1444941692760671
8.056817184205322E-4      0.1462253514090266
8.152731674493473E-4      0.14795661326553797
8.248646164781637E-4      0.14968795442842955
8.344560655069801E-4      0.15141937448052284
8.440475145357944E-4      0.1531508730046143
8.536389635646109E-4      0.15488244958349623
8.632304125934264E-4      0.15661410379994023
8.728218616222418E-4      0.15834583523670556
8.824133106510584E-4      0.16007764347653755
8.920047596798733E-4      0.1618095281021725
9.015962087086903E-4      0.16354148869632096
9.111876577375062E-4      0.16527352484169655
9.207791067663217E-4      0.16700563612098154
9.30370555795137E-4       0.16873782211685895
9.399620048239542E-4      0.17047008241198905
9.495534538527687E-4      0.17220241658902172
9.591449028815847E-4      0.17393482423059783
9.687363519104004E-4      0.1756673049193365
9.78327800939217E-4       0.17739985823784377
9.879192499680322E-4      0.17913248376872504
9.975106989968477E-4      0.1808651810945612
0.0010071021480256642     0.18259794979791819
0.0010166935970544809     0.18433078946135542
0.0010262850460832963     0.18606369966741548
0.0010358764951121108     0.18779667999864258
0.001045467944140928      0.1895297300375346
0.0010550593931697436     0.19126284936660698
0.0010646508421985601     0.1929960375683619
0.0010742422912273753     0.19516259844389544
0.0010838337402561912     0.1967842729121171
0.001093425189285007      0.19840604543132973
0.001103016638313823      0.19965383546063814
0.0011126080873426383     0.20137729046669647
0.0011221995363714544     0.2031008755718023
0.0011317909854002704     0.20482459035844525
0.0011413824344290863     0.20654843440910298
0.0011509738834579015     0.20827240730621607
0.0011605653324867177     0.20999650863220154
0.0011701567815155336     0.21172073796946425
0.0011797482305443499     0.21344509490037786
0.0011893396795731653     0.21516957900730044
0.0011989311286019814     0.21689418987256048
0.0012085225776307968     0.21861892707846847
0.0012181140266596128     0.2203437902073032
0.0012277054756884278     0.22206877884133341
0.001237296924717244      0.22379389256280127
0.0012468883737460608     0.22551913095392084
0.0012564798227748762     0.22724449359688934
0.0012660712718036919     0.22896998007388153
0.0012756627208325069     0.23069558996704667
0.001285254169861324      0.2324213228585155
0.00129484561889014       0.23414717833039175
0.001304437067918955      0.23587315596476469
0.00131402851694777       0.23759925534369505
0.0013236199659765872     0.23932547604922286
0.0013332114150054022     0.2410518176633706
0.0013428028640342176     0.2427782797681288
0.001352394313063033      0.24450486194547913
0.0013619857620918501     0.24623156377737251
0.0013715772111206653     0.2479583848457455
0.0013811686601494818     0.24965234091955152
0.0013907601091782968     0.25136353856176663
0.0014003515582071133     0.2530749052067907
0.0014099430072359296     0.2547864404397855
0.0014195344562647444     0.2564981438458852
0.0014291259052935607     0.25821001501019164
0.0014387173543223759     0.2599220535177795
0.0014483088033511928     0.26163425895368786
0.0014579002523800084     0.26334663090293287
0.0014674917014088243     0.2650591689505004
0.0014770831504376401     0.2667718726813375
0.0014866745994664555     0.268484741680377
0.001496266048495272      0.2701977755325062
0.0015058574975240877     0.2719109738225942
0.001515448946552903      0.27362433613547366
0.0015250403955817202     0.2753378620559556
0.0015346318446105352     0.2770515511688128
0.0015442232936393513     0.27876540305879627
0.0015538147426681676     0.2804794173106226
0.0015634061916969832     0.2821935935089836
0.0015729976407257984     0.28390793123853914
0.0015825890897546147     0.2856224300839186
0.0015921805387834305     0.28733708962972987
0.0016017719878122466     0.2890519094605434
0.0016113634368410616     0.2907668891609083
0.0016209548858698772     0.2924820283153379
0.0016305463348986933     0.2941973265083173
0.0016401377839275096     0.29591278332430837
0.001649729232956325      0.29762839834774646
0.0016593206819851408     0.2985044908723484
0.0016689121310139567     0.30005173202616153
0.0016785035800427727     0.3015991553773498
0.0016880950290715875     0.3031467605392446
0.0016976864781004044     0.3046945471251602
0.0017072779271292203     0.3062425147483654
0.001716869376158036      0.3077906630220984
0.0017264608251868515     0.3093389915595706
0.0017360522742156685     0.3108874999739586
0.0017456437232444826     0.31243618787840094
0.0017552351722732995     0.315514629741167
0.001764826621302115      0.31712173984771364
0.001774418070330931      0.318729096117885
0.0017840095193597469     0.320336698169258
0.001793600968388563      0.3219445456193653
0.001803192417417379      0.3235526380856875
0.0018127838664461942     0.3251609751856642
0.0018223753154750103     0.3267695565366994
0.0018319667645038257     0.3283783817561435
0.0018415582135326422     0.3299874504613096
0.001851149662561458      0.3315967622694678
0.001860741111590274      0.33320631679784396
0.0018703325606190897     0.3348161136636172
0.001879924009647906      0.3364261524839324
0.0018895154586767212     0.33803643287588114
0.0018991069077055366     0.3396469544565195
0.0019086983567343533     0.3412577168428602
0.0019182898057631694     0.3428687196518655
0.001927881254791985      0.34447996250046486
0.0019374727038208009     0.3460914450055427
0.0019470641528496165     0.3477031667839338
0.001956655601878432      0.3493151274524386
0.001966247050907248      0.3509273266278113
0.0019758384999360636     0.3525397639267624
0.0019854299489648793     0.3541524389659626
0.0019950213979936953     0.3557653513620455
0.0020046128470225114     0.3573785007315938
0.002014204296051327      0.35911287202306585
0.002023795745080143      0.36076955133093763
0.002033387194108959      0.3624265091204336
0.002042978643137775      0.36408374498848706
0.002052570092166591      0.3657412585319857
0.0020621615411954065     0.3662217887825824
0.002071752990224222      0.3677699191093502
0.0020813444392530378     0.36931838390309063
0.002090935888281854      0.37112872253116425
0.0021005273373106694     0.37265810199490196
0.002110118786339485      0.3741878008031931
0.0021197102353683016     0.37571781859305603
0.0021293016843971176     0.3772481550014549
0.0021388931334259333     0.3787788096653086
0.0021484845824547493     0.38030978222146145
0.002158076031483565      0.3818410723067229
0.002167667480512381      0.38337267955782806
0.002177258929541197      0.38490460361146944
0.0021868503785700127     0.38643684410427365
0.002196441827598829      0.3879694006728147
0.0022060332766276444     0.38950227295361506
0.0022156247256564596     0.3910354605831362
0.0022252161746852757     0.3925689631977836
0.0022348076237140918     0.3941027804339131
0.002244399072742908      0.3956369119278117
0.002253990521771723      0.3971713573157285
0.0022635819708005395     0.398706116233846
0.002273173419829355      0.40024118831828975
0.002282764868858171      0.40177657320514026
0.002292356317886987      0.4032736950430365
0.002301947766915803      0.40461234695279713
0.0023115392159446186     0.40595133566014413
0.002321130664973434      0.40729066082692966
0.0023307221140022503     0.408630322114914
0.0023403135630310663     0.40997031918583393
0.0023499050120598824     0.4113106517013366
0.0023594964610886985     0.4126513193230276
0.002369087910117514      0.4139923217124487
0.0023786793591463297     0.4153336585310814
0.002388270808175146      0.41667532944034286
0.002397862257203962      0.4180173341015995
0.0024074537062327775     0.4193596721761586
0.002417045155261593      0.42069842009431324
0.0024266366042904088     0.42211262844122643
0.002436228053319225      0.42352723421962074
0.00244581950234804       0.4249422370953158
0.0024554109513768565     0.4263576367340692
0.002465002400405672      0.42777343280156815
0.0024745938494344882     0.42918962496342966
0.0024841852984633043     0.4306062128851992
0.00249377674749212       0.43202319623235563
0.0025033681965209364     0.4334405746703063
0.002512959645549752      0.4348583478643895
0.002522551094578568      0.4362765154798758
0.0025321425436073833     0.4376950771819594
0.0025417339926361994     0.4391140326357738
0.002551325441665015      0.44053338150637816
0.0025609168906938315     0.4419531234587592
0.0025705083397226476     0.4433732581578433
0.002580099788751463      0.4448516344629731
0.002589691237780279      0.44600990837803745
0.0025992826868090945     0.4471685889287171
0.00260887413583791       0.44832767581769234
0.002618465584866727      0.44948716874757255
0.0026280570338955427     0.45064706742089594
0.002637648482924358      0.4518073715401265
0.0026472399319531744     0.4529680808076668
0.00265683138098199       0.45412919492583165
0.002666422830010806      0.45529071359687984
0.002676014279039622      0.4564526365229903
0.002685605728068438      0.45761496340627306
0.002695197177097254      0.4587776939487652
0.002704788626126069      0.45994082785243445
0.002714380075154885      0.46110436481917927
0.0027239715241837007     0.46226830455082113
0.0027335629732125164     0.4634326467491169
0.002743154422241333      0.46459739111574866
0.002752745871270148      0.4657625373523262
0.0027623373202989633     0.4669280851603942
0.00277192876932778       0.4680940342414192
0.0027815202183565963     0.46926038429680206
0.002791111667385412      0.4704271350278727
0.002800703116414228      0.47159428613588705
0.002810294565443043      0.4724939459681241
0.0028198860144718592     0.4737444852767804
0.0028294774635006757     0.4749955008308366
0.0028390689125294914     0.47624699234008616
0.002848660361558307      0.4774989595142455
0.002858251810587123      0.47875140206295486
0.002867843259615939      0.48000431969575297
0.0028774347086447543     0.4813966695750654
0.0028870261576735704     0.4823527699084767
0.0028966176067023864     0.48330936646037465
0.0029062090557312025     0.48426645898043535
0.002915800504760018      0.4852240472182229
0.0029253919537888338     0.4861821309232357
0.0029349834028176494     0.487140709844872
0.002944574851846466      0.48809978373244567
0.002954166300875281      0.48905935233518677
0.002963757749904097      0.48992269289194174
0.0029733491989329132     0.49095312831889437
0.0029829406479617293     0.4919839857904864
0.002992532096990545      0.4930152650707015
0.00300212354601936       0.49404696592348224
0.0030117149950481766     0.4950790881127192
0.003021306444076992      0.49611163140218345
0.003030897893105808      0.4971445955556039
0.003040489342134624      0.4981779803366292
0.00305008079116344       0.4992117855088027
0.0030596722401922552     0.5002460108356452
0.0030692636892210717     0.5012806560805575
0.0030788551382498874     0.5023157210069046
0.003088446587278703      0.5033512053779414
0.0030980380363075195     0.5043871089568885
0.003107629485336335      0.5054234315068462
0.0031172209343651508     0.5064601727908761
0.003126812383393967      0.5074973325719435
0.003136403832422782      0.5085349106129581
0.0031459952814515977     0.5095729066767611
0.003155586730480414      0.5106113205260888
0.00316517817950923       0.5116501519236142
0.003174769628538046      0.5126894006319561
0.0031843610775668615     0.5134692137260446
0.003193952526595677      0.5142174339403089
0.003203543975624493      0.5149660859400881
0.0032131354246533097     0.5157151695276109
0.003222726873682125      0.5164646845051057
0.003232318322710941      0.5172146306746522
0.003241909771739757      0.5179650078382854
0.0032515012207685722     0.5187158157979462
0.0032610926697973883     0.5194670543555466
0.0032706841188262048     0.5202187233128454
0.0032802755678550204     0.5209708224715885
0.0032898670168838365     0.5217233516334181
0.0032994584659126525     0.522476310599922
0.003309049914941468      0.5232296991725642
0.003318641363970284      0.5239835171528038
0.0033282328129991        0.5247377643419696
0.0033378242620279155     0.5254924405413134
0.003347415711056732      0.5262475455520617
0.0033570071600855476     0.5270030791752933
0.0033665986091143633     0.5280079519904677
0.003376190058143179      0.528862853415637
0.0033857815071719945     0.5297182541454045
0.003395372956200811      0.5305741539840451
0.003404964405229627      0.5314305527357314
0.0034145558542584427     0.5322874502045477
0.003424147303287259      0.5331448461945051
0.0034337387523160744     0.5333393601179816
0.00344333020134489       0.5339575386434717
0.003452921650373706      0.5345762205000116
0.003462513099402522      0.5351954055247538
0.003472104548431338      0.5358150935547576
0.003481695997460154      0.5364352844269947
0.0034912874464889695     0.5373737318245028
0.003500878895517786      0.538043172363266
0.0035104703445466017     0.5387130563761725
0.0035200617935754173     0.5393833837098823
0.003529653242604234      0.5400541542109895
0.00353924469163305       0.5407253677259967
0.003548836140661865      0.5413970241013362
0.0035584275896906807     0.5420691231833595
0.0035680190387194963     0.542741664818339
0.003577610487748312      0.5434146488524687
0.0035872019367771285     0.5440880751318692
0.003596793385805944      0.5447619435025757
0.0036063848348347606     0.5454362538105504
0.0036159762838635762     0.5461110059016722
0.003625567732892392      0.5467861996217499
0.0036351591819212075     0.5474618348165051
0.0036447506309500236     0.5481379113315882
0.0036543420799788396     0.5488144290125694
0.003663933529007655      0.5494913877049385
0.0036735249780364704     0.5501687872541093
0.003683116427065286      0.5506102891389263
0.0036927078760941017     0.5510804597847062
0.0037022993251229178     0.5515510853386718
0.0037118907741517343     0.552022165676656
0.00372148222318055       0.5524937006744054
0.0037310736722093655     0.5529656902075921
0.0037406651212381807     0.5534381341518021
0.003750256570266997      0.5539110323825446
0.003759848019295813      0.5543843847752499
0.0037694394683246285     0.5548581912052638
0.0037790309173534437     0.5553324515478536
0.0037886223663822593     0.5558071656782053
0.0037982138154110754     0.5562823334714285
0.003807805264439891      0.5567579548025497
0.0038173967134687075     0.5572340295465137
0.003826988162497524      0.5577105575781879
0.0038365796115263397     0.558187538772358
0.0038461710605551553     0.5586649730037322
0.003855762509583971      0.5586937429572283
0.0038653539586127866     0.559189989953916
0.003874945407641602      0.5596866346067674
0.0038845368566704187     0.5601836768025018
0.0038941283056992343     0.5606811164277639
0.0039037197547280504     0.561178953369133
0.003913311203756866      0.561677187513111
0.003922902652785681      0.5621758187461359
0.003932494101814498      0.5634247367294942
0.003942085550843314      0.5637555127047674
0.00395167699987213       0.5640867080238597
0.0039612684489009455     0.5644183226001119
0.003970859897929761      0.5647503563467876
0.003980451346958577      0.565082809177077
0.003990042795987392      0.5654156810040932
0.003999634245016209      0.5657489717408802
0.0040092256940450245     0.5660826813004034
0.00401881714307384       0.5664168095955558
0.004028408592102656      0.5667513565391575
0.004038000041131472      0.5670863220439492
0.004047591490160288      0.5674217060226021
0.004057182939189104      0.5677575083877113
0.00406677438821792       0.5680937290517996
0.004076365837246736      0.5684303679273112
0.004085957286275551      0.5687674249266211
0.004095548735304367      0.5691048999620266
0.004105140184333183      0.5694427929457547
0.004114731633361999      0.5697811037899512
0.004124323082390815      0.5701198324066948
0.00413391453141963       0.5704589787079867
0.004143505980448447      0.5707985426057562
0.0041530974294772625     0.5711385240118559
0.004162688878506078      0.5714789228380621
0.004172280327534895      0.5704340590022734
0.00418187177656371       0.5707604370873024
0.004191463225592526      0.5710871795782658
0.0042010546746213415     0.5729702724371082
0.004210646123650157      0.5731696168775938
0.004220237572678973      0.5733693581721396
0.004229829021707788      0.5735694962701682
0.004239420470736605      0.5737700311210278
0.0042490119197654205     0.5739709626739995
0.004258603368794237      0.5741722908782947
0.004268194817823053      0.5743740156830519
0.004277786266851868      0.5745761370373379
0.004287377715880684      0.5747786548901538
0.0042969691649095        0.574981569190426
0.004306560613938316      0.5751848798870101
0.004316152062967132      0.5753885869286954
0.004325743511995947      0.5755926902641963
0.004335334961024763      0.5757971898421594
0.004344926410053579      0.5760020856111577
0.004354517859082395      0.576207377519697
0.004364109308111212      0.5764130655162132
0.004373700757140027      0.5766191495490673
0.004383292206168843      0.5768256295665541
0.0043928836551976585     0.5770325055168959
0.004402475104226474      0.5772397773482446
0.004412066553255291      0.5774474450086831
0.004421658002284106      0.5776555084462213
0.004431249451312922      0.577863967608801
0.0044408409003417375     0.5780728224442934
0.004450432349370553      0.5782820729004983
0.004460023798399369      0.5784917189251455
0.004469615247428186      0.5787017604658947
0.004479206696457002      0.5775166540952273
0.004488798145485817      0.577622906149206
0.004498389594514633      0.5777295181744725
0.004507981043543449      0.5792034410193918
0.004517572492572264      0.579270000334802
0.004527163941601081      0.5793369619618347
0.0045367553906298964     0.5794043258879874
0.004546346839658712      0.5794720921006847
0.004555938288687528      0.5795402605872806
0.004565529737716343      0.5796088313350579
0.00457512118674516       0.579677804331227
0.0045847126357739755     0.5797471795629261
0.004594304084802792      0.579816957017225
0.004603895533831608      0.579887136681117
0.004613486982860423      0.5799577185415289
0.004623078431889239      0.5800287025853121
0.0046326698809180545     0.5801000887992492
0.00464226132994687       0.5801718771700498
0.004651852778975687      0.5802440676843522
0.004661444228004502      0.5803166603287235
0.004671035677033318      0.5803896550896588
0.0046806271260621335     0.5804630519535818
0.00469021857509095       0.5805368509068464
0.004699810024119766      0.5806110519357311
0.004709401473148582      0.5806856550264469
0.004718992922177398      0.580760660165131
0.004728584371206213      0.5808360673378494
0.004738175820235029      0.5809118765305975
0.004747767269263845      0.5809880877292991
0.00475735871829266       0.5810647009198041
0.004766950167321477      0.5811417160878954
0.0047765416163502925     0.5812191332192792
0.004786133065379108      0.5812969522995942
0.004795724514407925      0.5799759403668786
0.00480531596343674       0.5799370589033118
0.004814907412465556      0.5798985426396349
0.004824498861494372      0.5798603915846994
0.004834090310523188      0.5798226057472948
0.004843681759552004      0.579785185136144
0.004853273208580819      0.5797481297599049
0.004862864657609635      0.57971143962717
0.0048724561066384505     0.5796751147464677
0.004882047555667267      0.5809858488071492
0.004891639004696083      0.580866613421716
0.004901230453724899      0.5807477774516493
0.004910821902753715      0.5806293409293809
0.00492041335178253       0.5805113038872721
0.004930004800811346      0.5803936663576135
0.004939596249840162      0.5802764283726235
0.004949187698868978      0.580159589964451
0.004958779147897794      0.5800431511651714
0.0049683705969266094     0.5799271120067923
0.004977962045955425      0.5798114725212459
0.004987553494984241      0.5796962327403977
0.004997144944013056      0.5795813926960396
0.005006736393041874      0.5794669524198932
0.005016327842070689      0.5793529119436084
0.005025919291099505      0.5792392712987648
0.005035510740128321      0.579126030516869
0.005045102189157136      0.5790131896293595
0.005054693638185952      0.578900748667601
0.005064285087214768      0.5787887076628883
0.005073876536243584      0.5786770666464461
0.0050834679852724        0.5785658256494248
0.005093059434301215      0.5784549847029061
0.005102650883330031      0.5783445438379001
0.005112242332358847      0.578234503085346
0.005121833781387664      0.5781248624761115
0.0051314252304164795     0.578015622040993
0.005141016679445295      0.5779067818107156
0.005150608128474111      0.5777983418159335
0.005160199577502926      0.5776903020872288
0.005169791026531742      0.5775826626551158
0.0051793824755605586     0.5774754235500313
0.005188973924589374      0.5773685848023474
0.00519856537361819       0.5772621464423625
0.0052081568226470054     0.5760919275417058
0.005217748271675821      0.5758029107463067
0.005227339720704638      0.5755142741414319
0.005236931169733454      0.5752260177859687
0.00524652261876227       0.5749381417387373
0.005256114067791085      0.5746506460584885
0.005265705516819901      0.5743635308039071
0.005275296965848717      0.5740767960336082
0.005284888414877532      0.5745426238141361
0.005294479863906348      0.5742728858821733
0.005304071312935164      0.574003572378572
0.00531366276196398       0.5737346833758448
0.005323254210992796      0.5734662189464249
0.005332845660021612      0.5731981791626733
0.005342437109050428      0.5729305640968735
0.005352028558079243      0.5726633738212358
0.00536162000710806       0.5723966084078936
0.0053712114561368755     0.5721302679289053
0.005380802905165691      0.5718643524562541
0.005390394354194507      0.5715988620618487
0.005399985803223322      0.5713337968175192
0.005409577252252138      0.5710691567950243
0.0054191687012809546     0.5708049420660452
0.00542876015030977       0.5705411527021859
0.005438351599338587      0.5702777887749803
0.005447943048367402      0.5700148503558812
0.005457534497396218      0.5697523375162683
0.005467125946425034      0.569490250327445
0.00547671739545385       0.5692285888606426
0.005486308844482666      0.5689673531870129
0.005495900293511481      0.568331465911462
0.005505491742540297      0.5679177394194028
0.005515083191569113      0.5675044263400539
0.005524674640597928      0.5670915267688134
0.005534266089626745      0.5666790408010112
0.005543857538655561      0.5662669685318952
0.005553448987684377      0.5658553100566469
0.0055630404367131925     0.5654440654703732
0.005572631885742008      0.565033234868104
0.005582223334770824      0.5646228183447987
0.00559181478379964       0.5642128159953406
0.005601406232828456      0.5638032279145448
0.0056109976818572715     0.5634059858235835
0.005620589130886087      0.562985693087432
0.005630180579914903      0.5625658530826795
0.0056397720289437184     0.5621464659199541
0.005649363477972534      0.5617275317098047
0.0056589549270013514     0.5613090505626975
0.005668546376030167      0.5608910225890228
0.005678137825058983      0.560473447899086
0.005687729274087798      0.5600563266031129
0.005697320723116614      0.5596396588112542
0.00570691217214543       0.5592234446335737
0.005716503621174246      0.5588076841800586
0.005726095070203062      0.5583923775606178
0.005735686519231877      0.5579775248850755
0.005745277968260693      0.5575631262631767
0.005754869417289509      0.5571491818045889
0.005764460866318325      0.5567356916188959
0.005774052315347142      0.5563226558156021
0.005783643764375957      0.5562217382512022
0.005793235213404773      0.5556005600768672
0.0058028266624335885     0.5549798298658882
0.005812418111462404      0.5543595477595019
0.00582200956049122       0.5537397138988688
0.005831601009520036      0.5531203284250698
0.005841192458548852      0.5525013914791048
0.0058507839075776676     0.5518829032018958
0.005860375356606483      0.551264863734288
0.0058699668056353        0.5506472732170381
0.005879558254664115      0.5500301317908342
0.005889149703692932      0.54941343959628
0.0058987411527217475     0.5487971967738999
0.005908332601750563      0.5481814034641384
0.005917924050779379      0.5475660598073614
0.005927515499808194      0.5469511659438567
0.00593710694883701       0.5463367220138287
0.0059466983978658265     0.5457227281574053
0.005956289846894642      0.5451091845146356
0.005965881295923458      0.5444960912254865
0.005975472744952274      0.543883448429846
0.00598506419398109       0.5432712562675234
0.0059946556430099055     0.5426595148782475
0.006004247092038721      0.5420482244016688
0.006013838541067538      0.5414373849773573
0.006023429990096353      0.5408269967448007
0.006033021439125169      0.5402170598434114
0.0060426128881539845     0.5396075744125185
0.0060522043371828        0.538557180012491
0.006061795786211616      0.5379668024081189
0.006071387235240432      0.5373769262488222
0.006080978684269249      0.5367875516909051
0.0060905701332980644     0.5368707259666888
0.00610016158232688       0.536030183175741
0.006109753031355696      0.5351901417397442
0.006119344480384511      0.5343506018501659
0.006128935929413327      0.5335115636983779
0.006138527378442143      0.5326730274756631
0.006148118827470958      0.5315155302429395
0.006157710276499774      0.5307655054708679
0.0061673017255285895     0.5300159104894065
0.006176893174557405      0.5292667454962455
0.006186484623586222      0.5285180106890071
0.006196076072615037      0.5277697062652318
0.006205667521643853      0.5270218324223876
0.0062152589706726685     0.5262743893578636
0.006224850419701484      0.5255273772689767
0.0062344418687303        0.5247807963529559
0.006244033317759116      0.5240346468069695
0.006253624766787932      0.523288928828109
0.0062632162158167476     0.5225436426133777
0.006272807664845563      0.5217987883597113
0.006282399113874379      0.5210543662639534
0.0062919905629031945     0.5203103765228971
0.006301582011932012      0.5195668193332464
0.0063111734609608275     0.5188236948916247
0.006320764909989643      0.5180810033945807
0.006330356359018459      0.5173387450385954
0.006339947808047274      0.5165969200200535
0.00634953925707609       0.5158555285353017
0.0063591307061049065     0.5151145707805544
0.006368722155133722      0.5143740469520003
0.006378313604162538      0.5136339572457191
0.006387905053191353      0.5126284391835157
0.006397496502220169      0.5115938257282534
0.0064070879512489855     0.510559629572652
0.006416679400277802      0.5095258509528932
0.0064262708493066185     0.508492490105119
0.006435862298335434      0.507459547265419
0.00644545374736425       0.5064270226697881
0.006455045196393065      0.5053949165541501
0.006464636645421881      0.5043632291543549
0.006474228094450697      0.5033319607061768
0.006483819543479513      0.5023011114453317
0.00649341099250833       0.5012706816074343
0.0065030024415371444     0.500240671428047
0.006512593890565961      0.4992110811426455
0.006522185339594777      0.4981819109866444
0.006531776788623593      0.4971531611953742
0.0065413682376524096     0.49612483200408847
0.006550959686681224      0.4950969236479767
0.006560551135710041      0.49406943636214196
0.0065701425847388565     0.4930423703816209
0.006579734033767672      0.49201572594137005
0.006589325482796489      0.4909895032762884
0.006598916931825304      0.4901718941570952
0.00660850838085412       0.48921928723042307
0.006618099829882936      0.4882671748911095
0.006627691278911751      0.48731555738761656
0.006637282727940568      0.4863644349683252
0.006646874176969382      0.48541380788152955
0.006656465625998198      0.48446367637543686
0.006666057075027013      0.48351404069815557
0.006675648524055829      0.48256490109773387
0.006685239973084646      0.4808867946549772
0.006694831422113462      0.4796547605399523
0.006704422871142279      0.47842320668235194
0.0067140143201710935     0.4771921333690576
0.00672360576919991       0.4759615408868686
0.006733197218228725      0.47473142952250563
0.006742788667257541      0.473501799562597
0.006752380116286357      0.47293610597214586
0.006761971565315173      0.47175332762196437
0.006771563014343988      0.47057095580023434
0.006781154463372804      0.46938899080624985
0.00679074591240162       0.46820743293922795
0.006800337361430435      0.4670262824983126
0.0068099288104592525     0.4658455397825788
0.006819520259488068      0.46466520509103193
0.006829111708516884      0.4634852787225952
0.0068387031575456985     0.46230576097613096
0.006848294606574516      0.46112665215042636
0.006857886055603331      0.45994795254419013
0.006867477504632146      0.4587696624560656
0.006877068953660961      0.4575917821846251
0.0068866604026897775     0.45641431202836263
0.006896251851718594      0.4552372522857032
0.00690584330074741       0.4540606032550008
0.006915434749776226      0.45288436523453285
0.006925026198805043      0.45170853852250936
0.006934617647833858      0.45053312341706336
0.006944209096862674      0.4493581202162591
0.0069538005458914896     0.44818352921808213
0.006963391994920304      0.4470093507204554
0.006972983443949121      0.44583558502122356
0.006982574892977936      0.44466223241815356
0.006992166342006752      0.4434892932089473
0.007001757791035569      0.44231676769122985
0.007011349240064383      0.4400988683947238
0.0070209406890932        0.43873102471619413
0.007030532138122015      0.4373635955406732
0.007040123587150831      0.4359965812016837
0.007049715036179648      0.43462998203264347
0.007059306485208463      0.433263798366928
0.007068897934237278      0.43189803053781844
0.0070784893832660945     0.4305326788785337
0.007088080832294909      0.42916774372221356
0.007097672281323726      0.4278032254019316
0.007107263730352543      0.4264391242506783
0.007116855179381359      0.42507544060138247
0.007126446628410174      0.4248486414969107
0.00713603807743899       0.42333788994703625
0.007145629526467806      0.42182750180893414
0.0071552209754966204     0.42031747743996445
0.007164812424525439      0.41880781719741456
0.0071744038735542534     0.41729852143850976
0.00718399532258307       0.4157895905204216
0.007193586771611886      0.41428102480024326
0.007203178220640702      0.4127728246350049
0.007212769669669519      0.4112649903816839
0.007222361118698333      0.40975752239717816
0.00723195256772715       0.40825042103833414
0.007241544016755965      0.4067436866619253
0.007251135465784781      0.4052373196246595
0.007260726914813596      0.40373132028318715
0.007270318363842412      0.4022256889940881
0.007279909812871228      0.40072042611387715
0.0072895012619000445     0.39921553199901305
0.00729909271092886       0.39749941762237495
0.007308684159957676      0.3961306678970478
0.007318275608986492      0.39476220965207154
0.007327867058015308      0.3933940432365
0.007337458507044124      0.3920261689993359
0.007347049956072939      0.39065858728952746
0.007356641405101755      0.38929129845596844
0.00736623285413057       0.387924302847505
0.007375824303159386      0.3865576008129264
0.007385415752188201      0.3851911927009824
0.007395007201217017      0.38382507886034656
0.007404598650245834      0.3824592596396707
0.00741419009927465       0.381093735387529
0.007423781548303467      0.37972850645245937
0.007433372997332282      0.37836608208780953
0.007442964446361098      0.37674396993968046
0.007452555895389913      0.37512210837167376
0.007462147344418729      0.3735004977646451
0.007471738793447544      0.3718791384994076
0.007481330242476361      0.37025803095672005
0.007490921691505176      0.368637175517309
0.007500513140533993      0.3670165725618496
0.0075101045895628075     0.36539622247097436
0.007519696038591624      0.3637761256252708
0.007529287487620439      0.3621562824052774
0.007538878936649256      0.360536693191493
0.007548470385678073      0.3589173583643696
0.007558061834706887      0.3572982783043116
0.007567653283735704      0.355679453391681
0.007577244732764519      0.3540608840067921
0.007586836181793335      0.35244257052991673
0.00759642763082215       0.35082451334127773
0.0076060190798509664     0.34920671282105553
0.007615610528879781      0.34758916934938494
0.007625201977908598      0.3459718833063506
0.007634793426937413      0.34435485507199903
0.00764438487596623       0.34273808502632297
0.007653976324995046      0.3411215735492747
0.007663567774023862      0.3395053210207603
0.0076731592230526785     0.3378893278206405
0.007682750672081494      0.33627359432872156
0.007692342121110311      0.33465812092477804
0.007701933570139125      0.33304290798852787
0.007711525019167942      0.33142795589964674
0.007721116468196757      0.32981326503776387
0.007730707917225572      0.3281988357824545
0.007740299366254387      0.32658466851326906
0.007749890815283204      0.32497076360968263
0.007759482264312022      0.3233571214511489
0.007769073713340837      0.3203659702715058
0.007778665162369653      0.3188356702050165
0.007788256611398468      0.3173055539612218
0.007797848060427284      0.3157756219232572
0.007807439509456099      0.31424587447421887
0.007817030958484916      0.31271631199717503
0.00782662240751373       0.3111869348751685
0.007836213856542547      0.30965774349119096
0.00784580530557136       0.3090890318143525
0.007855396754600178      0.307399105744208
0.007864988203628994      0.30570933425657454
0.00787457965265781       0.30401971776242753
0.007884171101686625      0.3023302566727107
0.00789376255071544       0.3006409513983426
0.007903353999744256      0.298951802350211
0.007912945448773072      0.29726280993917803
0.00792253689780189       0.29557397457607554
0.007932128346830705      0.2938852966717128
0.00794171979585952       0.29219677663685995
0.007951311244888336      0.2905084148822675
0.007960902693917154      0.28882021181865386
0.00797049414294597       0.28713216785671036
0.007980085591974783      0.2854442834071013
0.0079896770410036        0.28375655888046
0.007999268490032416      0.28206899468738944
0.008008859939061233      0.28038159123846784
0.008018451388090047      0.27869434894424017
0.008028042837118865      0.2770072682152295
0.00803763428614768       0.2753203494619203
0.008047225735176496      0.27363359309477664
0.00805681718420531       0.2719469995242289
0.008066408633234127      0.27026056916067887
0.008076000082262945      0.268574302414504
0.00808559153129176       0.2668881996960418
0.008095182980320578      0.26520226141561004
0.008104774429349391      0.2635164879834965
0.008114365878378209      0.2618308798099492
0.008123957327407024      0.26014543730520256
0.008133548776435842      0.25846016087945106
0.008143140225464657      0.2567750509428593
0.008152731674493473      0.2550901079055694
0.008162323123522289      0.2534053321776827
0.008171914572551104      0.2511971830357994
0.008181506021579922      0.2494875146525394
0.008191097470608737      0.24777796689210257
0.008200688919637553      0.24606854016695096
0.008210280368666369      0.24435923488956457
0.008219871817695184      0.24265005147238056
0.008229463266724002      0.2409409903278008
0.008239054715752817      0.23923205186822474
0.008248646164781633      0.23752323650601767
0.008258237613810449      0.23581454465353682
0.008267829062839264      0.23410597672309996
0.00827742051186808       0.23239753312701472
0.008287011960896895      0.23068921427756003
0.008296603409925711      0.2289810205869987
0.008306194858954528      0.22727295246756254
0.008315786307983342      0.2255650103314669
0.008325377757012158      0.2239962195195251
0.008334969206040974      0.22223081431068847
0.008344560655069791      0.2204655255046504
0.008354152104098607      0.21870035352914532
0.008363743553127422      0.21693529881187118
0.008373335002156238      0.21517036178049767
0.008382926451185053      0.2134055428626871
0.00839251790021387       0.21164084248607287
0.008402109349242685      0.2098762610782734
0.008411700798271502      0.20851590549408658
0.008421292247300316      0.20677793947392398
0.008430883696329133      0.2050400649214449
0.008440475145357949      0.20330228226295147
0.008450066594386765      0.20156459192472292
0.00845965804341558       0.1998269943330231
0.008469249492444398      0.1980894899141143
0.008478840941473212      0.1963520790942213
0.008488432390502029      0.19461476229956648
0.008498023839530843      0.1928775399563472
0.008507615288559658      0.19114041249074865
0.008517206737588474      0.18940338032893547
0.00852679818661729       0.18766644389705905
0.008536389635646107      0.18597747351710345
0.008545981084674923      0.1842601618390114
0.008555572533703738      0.18254293729624504
0.008565163982732554      0.1808258003053856
0.008574755431761371      0.1791087512830041
0.008584346880790189      0.17739179064564958
0.008593938329819004      0.17567491880985012
0.008603529778847818      0.1739581361921342
0.008613121227876636      0.17224144320899915
0.008622712676905451      0.17052484027692488
0.008632304125934267      0.16880832781239252
0.008641895574963082      0.1668317319819779
0.008651487023991898      0.16514157720095737
0.008661078473020714      0.16345148955053193
0.008670669922049528      0.1617614694471784
0.008680261371078345      0.16007151730736074
0.00868985282010716       0.15838163354751958
0.008699444269135978      0.15669181858408998
0.008709035718164794      0.15506130638670063
0.00871862716719361       0.1533146358083802
0.008728218616222425      0.1515680198124959
0.00873781006525124       0.14982145882380263
0.008747401514280056      0.14807495326703787
0.008756992963308872      0.14632850356694244
0.008766584412337687      0.1445821101482445
0.008776175861366503      0.1428357734356528
0.00878576731039532       0.1410894938538805
0.008795358759424136      0.1393432718276123
0.008804950208452952      0.1375971077815404
0.008814541657481767      0.13585100214033827
0.008824133106510585      0.13410495532865863
0.008833724555539402      0.13235896777116343
0.008843316004568216      0.1306130398924871
0.008852907453597032      0.12886717211727022
0.008862498902625847      0.12726545346999296
0.008872090351654663      0.12554664842076055
0.008881681800683478      0.12382788108881815
0.008891273249712294      0.12210915189697119
0.00890086469874111       0.12039046126801792
0.008910456147769925      0.11867180962475192
0.008920047596798743      0.11695319738995907
0.008929639045827558      0.11523462498642391
0.008939230494856377      0.11351609283691491
0.008948821943885191      0.11179760136419228
0.008958413392914009      0.1100791509910193
0.008968004841942824      0.108360742140146
0.00897759629097164       0.10664237523430872
0.008987187740000456      0.10492405069624303
0.008996779189029273      0.1032057689486808
0.009006370638058087      0.10148753041433599
0.009015962087086903      0.0997693355159207
0.009025553536115718      0.09805118467613225
0.009035144985144534      0.09633307831767125
0.00904473643417335       0.09467473317166446
0.009054327883202167      0.09298293063450268
0.009063919332230982      0.09129116623708029
0.009073510781259798      0.0895994403946571
0.009083102230288615      0.08790775352249044
0.009092693679317431      0.08604363443580834
0.009102285128346247      0.08431472453149079
0.009111876577375062      0.08258582757208573
0.009121468026403878      0.0808569439760554
0.009131059475432694      0.0791280741618628
0.00914065092446151       0.07739921854796082
0.009150242373490325      0.07567037755280438
0.00915983382251914       0.07394155159484733
0.009169425271547958      0.07221274109253716
0.009179016720576774      0.07048394646431634
0.00918860816960559       0.06875516812863215
0.009198199618634405      0.06702640650392112
0.00920779106766322       0.06529766200862039
0.009217382516692036      0.06356893506116128
0.009226973965720853      0.06184022607997652
0.009236565414749669      0.06011153548348625
0.009246156863778485      0.05838286369011952
0.009255748312807302      0.056654211118293114
0.009265339761836118      0.05492557818642097
0.009274931210864933      0.05319696531291853
0.009284522659893749      0.051468372916191364
0.009294114108922566      0.049739801414646165
0.00930370555795138       0.04801125122668245
0.009313297006980198      0.04628272277069824
0.009322888456009013      0.04455421646508583
0.009332479905037829      0.04282573272823358
0.009342071354066644      0.041097271978527264
0.00935166280309546       0.03936883463434671
0.009361254252124276      0.03764042111407165
0.009370845701153091      0.03591203183606901
0.009380437150181907      0.03418366721870852
0.009390028599210723      0.03245532768035954
0.009399620048239538      0.030727013639373902
0.009409211497268356      0.02899872551410911
0.009418802946297173      0.027270463722914057
0.009428394395325989      0.025542228684133417
0.009437985844354804      0.023814020816117384
0.009447577293383618      0.02208584053718969
0.009457168742412434      0.020357688265683814
0.00946676019144125       0.01862956441993128
0.009476351640470067      0.016901469418252536
0.009485943089498882      0.015796271200006307
0.009495534538527698      0.0141346074926634
0.009505125987556514      0.012472956287232275
0.00951471743658533       0.010811317991802075
0.009524308885614145      0.009149693014487056
0.009533900334642962      0.007488081763310338
0.009543491783671778      0.0058264846464218065
0.009553083232700594      0.00416490207188368
0.009562674681729411      0.0025033344477700848
0.009572266130758227      8.417821821662553E-4
