% Model:              Two_segments_demag.mph
% Version:            COMSOL 5.6.0.341
% Date:               Feb 13 2022, 14:51
% Dimension:          1
% Nodes:              1000
% Expressions:        1
% Description:        Line graph
% s                       Height
0                         2.334257973565733E-5
0                         0.001126712847739017
2.0073906910310904E-5     0.0022300774940764304
4.01478138206168E-5       0.0033334355653342
6.022172073092537E-5      0.00443678610821423
8.029562764123472E-5      0.005540128169308384
1.003695345515447E-4      0.006627875239892287
1.2044344146185129E-4     0.0077392654060059055
1.405173483721605E-4      0.008850643387767764
1.6059125528247303E-4     0.009962008225752321
1.8066516219277838E-4     0.011073358960521274
2.0073906910308793E-4     0.01218469463268798
2.2081297601339768E-4     0.01329601428283339
2.4088688292370515E-4     0.01440731695154877
2.609607898340157E-4      0.015518601679454149
2.810346967443207E-4      0.016629867507190175
3.011086036546312E-4      0.017741113475362797
3.211825105649385E-4      0.018855289736232596
3.412564174752515E-4      0.019969071559522364
3.613303243855579E-4      0.021082823308951462
3.8140423129586593E-4     0.02219654402219888
4.014781382061759E-4      0.02331023273684375
4.215520451164844E-4      0.02442793438285276
4.4162595202679216E-4     0.025547198676618355
4.6169985893710177E-4     0.026666430471870988
4.8177376584741046E-4     0.027785628800007036
5.018476727577171E-4      0.02890479269237323
5.219215796680266E-4      0.030023921180393345
5.419954865783365E-4      0.03113992650862492
5.620693934886462E-4      0.032268012619077004
5.821433003989534E-4      0.03339605406758681
6.022172073092632E-4      0.034524049879653275
6.222911142195732E-4      0.03565199908084117
6.423650211298818E-4      0.03677990069667006
6.624389280401888E-4      0.03790775375275368
6.825128349504979E-4      0.03905897712282294
7.025867418608082E-4      0.04019690447556645
7.226606487711168E-4      0.04133478480572943
7.427345556814233E-4      0.04245993858698461
7.628084625917327E-4      0.04360023023092315
7.828823695020423E-4      0.044740460429694234
8.029562764123496E-4      0.04588062819425465
8.230301833226591E-4      0.04702073253558131
8.431040902329688E-4      0.04816077246469113
8.631779971432774E-4      0.049300746992670785
8.83251904053583E-4       0.05044065513057208
9.03325810963894E-4       0.05160555442745446
9.233997178742035E-4      0.052770710189413934
9.434736247845134E-4      0.053935798828046916
9.635475316948207E-4      0.05510081934028082
9.836214386051284E-4      0.056265770723147125
0.0010036953455154387     0.05742515405573208
0.0010237692524257493     0.0585900416112103
0.0010438431593360563     0.05975484212137029
0.0010639170662463636     0.06091955457742662
0.0010839909731566733     0.06208417797071439
0.001104064880066983      0.06326216082015228
0.0011241387869772895     0.06444446992159922
0.0011442126938876014     0.06562669621401171
0.0011642866007979089     0.06680883867562872
0.0011843605077082144     0.06799089628476786
0.001204434414618527      0.06918209875736808
0.0012245083215288368     0.07037353520447322
0.001244582228439145      0.07156486860256323
0.0012646561353494537     0.0727560979193292
0.0012847300422597619     0.07394722212246037
0.0013048039491700694     0.0751382401797889
0.0013248778560803814     0.07634552214632294
0.001344951762990687      0.07756839013474946
0.0013650256699009955     0.07879115500464877
0.0013850995768113056     0.08001381570476863
0.0014051734837216157     0.08123637118387328
0.0014252473906319217     0.08245882039079881
0.0014453212975422318     0.08368172514399451
0.0014653952044525415     0.08490806732175868
0.0014854691113628511     0.0861342826497161
0.0015055430182731573     0.08736037006629362
0.0015256169251834676     0.08860443516817282
0.0015456908320937753     0.0898491512749285
0.001565764739004084      0.09109374851714926
0.0015858386459143942     0.09233822581664333
0.001605912552824703      0.09358258209521564
0.0016259864597350107     0.0948439114420542
0.0016460603666453178     0.09610769726635775
0.0016661342735556286     0.09737134181361784
0.001686208180465937      0.09863484398949016
0.0017062820873762466     0.09989820269971926
0.0017263559942865534     0.10115382268287884
0.0017464299011968637     0.10245682694230729
0.001766503808107171      0.10375969195595151
0.001786577715017481      0.10506241660541792
0.0018066516219277919     0.10636499977237673
0.0018267255288380978     0.10766744033865133
0.0018467994357484075     0.10896449176011432
0.0018668733426587167     0.11027017152816056
0.001886947249569024      0.11157568406016621
0.0019070211564793332     0.11288102822477818
0.0019270950633896412     0.11421087886017775
0.0019471689702999513     0.11553894595803986
0.001967242877210258      0.11686685601759918
0.00198731678412057       0.11819460788631174
0.0020073906910308753     0.11952220041178827
0.0020274645979411875     0.12086782064233233
0.0020475385048514963     0.12222448732022144
0.0020676124117618064     0.12358097057117386
0.0020876863186721135     0.12493726922037802
0.002107760225582421      0.12629338209311797
0.0021278341324927294     0.12764930801478155
0.0021479080394030403     0.1290312410906994
0.002167981946313348      0.13043677452399383
0.002188055853223656      0.13184212776279014
0.0022081297601339654     0.13324729960184942
0.0022282036670442764     0.13465228883609856
0.0022482775739545834     0.13604687309886457
0.002268351480864892      0.13745772298960615
0.0022884253877752        0.13886835947020393
0.00230849929468551       0.1402787813186546
0.0023285732015958186     0.1417095738793695
0.002348647108506128      0.143147466915108
0.002368721015416436      0.14458515997716298
0.002388794922326746      0.14602265181692936
0.0024088688292370547     0.14745994118588712
0.0024289427361473626     0.14889702683559358
0.002449016643057672      0.1503922958819737
0.0024690905499679806     0.1518653988811238
0.0024891644568782903     0.15333826785645222
0.0025092383637885986     0.15481090153173815
0.002529312270698908      0.1562832986309224
0.002549386177609214      0.15777524577978433
0.002569460084519525      0.15930816056066308
0.0025895339914298343     0.16084084817290709
0.0026096078983401413     0.16237330730201532
0.002629681805250452      0.1639055366336108
0.002649755712160759      0.16543753485344453
0.00266982961907107       0.1669728838069247
0.002689903525981378      0.16851767953436206
0.0027099774328916875     0.17006220748539536
0.0027300513398019954     0.17160646632174803
0.0027501252467123046     0.17319031295051626
0.0027701991536226143     0.17476905961419079
0.002790273060532925      0.17634755930164034
0.002810346967443232      0.1779258106418311
0.0028304208743535394     0.17950381226383352
0.0028504947812638503     0.18111546675445406
0.0028705686881741574     0.1827389568899485
0.0028906425950844666     0.18436216031687105
0.002910716501994775      0.1859850756294519
0.0029307904089050842     0.18760770142207855
0.0029508643158153917     0.1892236227424262
0.0029709382227257014     0.19091956831779283
0.0029910121296360106     0.19261523741891715
0.0030110860365463194     0.19431062859383208
0.003031159943456627      0.196005740390704
0.003051233850366937      0.197700571357914
0.0030713077572772467     0.19938643000028083
0.0030913816641875537     0.20109082459282457
0.0031114555710978643     0.2027948922824564
0.003131529478008172      0.20449863159075368
0.0031516033849184814     0.2062525375426344
0.0031716772918287906     0.2079999240720699
0.0031917511987390994     0.20974700854860076
0.0032118251056494087     0.21149378945373473
0.003231899012559717      0.2132402652691571
0.003251972919470026      0.2150338181912282
0.0032720468263803355     0.21683531686313268
0.0032921207332906426     0.2186364651147988
0.0033121946402009514     0.2204372613851528
0.0033322685471112597     0.2222377041133447
0.0033523424540215685     0.2240377917387223
0.003372416360931879      0.22589659454561825
0.003392490267842186      0.22778821837553337
0.0034125641747524958     0.22967950389350122
0.003432638081662804      0.23157044948109212
0.003452711988573111      0.23346105352006508
0.003472785895483422      0.23534360623278405
0.0034928598023937297     0.23725257257248858
0.0035129337093040393     0.23916114273327163
0.0035330076162143494     0.2410693150617267
0.0035530815231246573     0.24299310115177591
0.0035731554300349653     0.244950988964246
0.0035932293369452745     0.24690851106113643
0.003613303243855582      0.24886566574055033
0.0036333771507658925     0.2508224513008281
0.0036534510576762        0.252778866040473
0.0036735249645865093     0.25482885333420013
0.0036935988714968176     0.2568526830357033
0.0037136727784071277     0.25887609059951144
0.0037337466853174348     0.26089907427220205
0.003753820592227744      0.26292163230060595
0.003773894499138052      0.2649485340704589
0.003793968406048361      0.26708014066875135
0.0038140423129586682     0.26921134157928645
0.0038341162198689783     0.27134213498060494
0.0038541901267792875     0.2734725190514612
0.0038742640336895963     0.27560249197085296
0.003894337940599905      0.27773904572151015
0.003914411847510213      0.27989471822703443
0.0039344857544205206     0.28204992115894706
0.003954559661330831      0.2842046526518654
0.003974633568241139      0.2864111055637246
0.003994707475151449      0.2886146077674782
0.0040147813820617575     0.29081767738713704
0.004034855288972065      0.293020312500435
0.004054929195882375      0.29522251118531395
0.004075003102792683      0.29749978148921763
0.0040950770097029935     0.2997959819067239
0.0041151509166133        0.3020916901334292
0.00413522482352361       0.3043869041812642
0.004155298730433919      0.3066816220624653
0.004175372637344229      0.30897584178956977
0.0041954465442545375     0.3113389492822779
0.0042155204511648454     0.3137424132210932
0.004235594358075153      0.316145415910884
0.004255668264985464      0.3185479552896491
0.004275742171895772      0.3209500292956888
0.00429581607880608       0.32336868608637437
0.004315889985716388      0.3258174096482504
0.004335963892626698      0.32826559449145565
0.004356037799537005      0.3307132384975985
0.004376111706447315      0.33318857636588467
0.004396185613357623      0.3356974961316383
0.004416259520267932      0.33820593604662813
0.004436333427178241      0.34071389393128765
0.004456407334088549      0.3432213676062597
0.004476481240998859      0.34575396981072065
0.004496555147909166      0.3483613083103315
0.004516629054819476      0.35096809769504006
0.0045367029617297844     0.35357433570998265
0.004556776868640094      0.3561800201005371
0.004576850775550402      0.3587851486124102
0.004596924682460711      0.36146379929339184
0.0046169985893710205     0.36419643179254396
0.004637072496281328      0.36692855576287287
0.004657146403191636      0.36966016886510866
0.004677220310101946      0.37239126876030404
0.004697294217012254      0.3751204379596049
0.004717368123922564      0.37790046387856346
0.0047374420308328715     0.3806799022133113
0.004757515937743181      0.3834587505610315
0.004777589844653489      0.38632149224682283
0.004797663751563798      0.38914092240064446
0.004817737658474106      0.39195983751986824
0.0048378115653844155     0.394778235142568
0.004857885472294725      0.39759611280707235
0.004877959379205034      0.4005228642388834
0.004898033286115342      0.4034900688076877
0.004918107193025651      0.4064566962842573
0.00493818109993596       0.4094227441106819
0.0049582550068462666     0.4123882097294077
0.004978328913756578      0.41534261973249953
0.004998402820666886      0.41843216965299956
0.005018476727577196      0.4215211960553096
0.005038550634487503      0.4246096962936099
0.005058624541397813      0.427697667722326
0.00507869844830812       0.43078510769618106
0.005098772355218431      0.43388065171004003
0.005118846262128739      0.4370523456137971
0.0051389201690390475     0.4402234474265605
0.005158994075949356      0.44339395441646035
0.005179067982859665      0.44663029233382645
0.005199141889769976      0.44982454312879055
0.0052192157966802835     0.4530182874538699
0.005239289703590593      0.45621152251401437
0.005259363610500901      0.4594042455144482
0.005279437517411211      0.4626482740632778
0.0052995114243215196     0.46603338653272175
0.005319585331231828      0.4694179565372866
0.005339659238142137      0.47280198116430733
0.005359733145052447      0.47618545750138014
0.005379807051962754      0.47956838263641743
0.0053998809588730635     0.4829890962673191
0.005419954865783371      0.48645145377503707
0.00544002877269368       0.4899133571952911
0.00546010267960399       0.49337480354725644
0.005480176586514298      0.4968357898503531
0.0055002504934246075     0.5003924297582353
0.0055203244003349155     0.5039816311595219
0.005540398307245226      0.5075703231658909
0.005560472214155534      0.5111585026868877
0.005580546121065842      0.5147151619439007
0.0056006200279761515     0.5183415309580688
0.0056206939348864594     0.5219675015435642
0.005640767841796767      0.5255930705513343
0.005660841748707077      0.5292182348325216
0.005680915655617386      0.5328429912384945
0.005700989562527696      0.5364673366208549
0.005721063469438003      0.5404471643583759
0.005741137376348313      0.5441862027340917
0.005761211283258621      0.5479247986176319
0.005781285190168929      0.5513240865776748
0.005801359097079237      0.5553314135881894
0.0058214330039895465     0.5593383859926987
0.005841506910899855      0.5633450004021352
0.005861580817810163      0.5672077828364743
0.005881654724720472      0.5710269529094197
0.00590172863163078       0.5748459500270741
0.00592180253854109       0.5786647708262894
0.0059418764454513984     0.5824834119440119
0.005961950352361708      0.5863018700172717
0.005982024259272017      0.5901201416831408
0.006002098166182325      0.5939382235787896
0.006022172073092633      0.5977561123414874
0.006042245980002943      0.6021443607676478
0.006062319886913251      0.6062928713039306
0.00608239379382356       0.6104412933614121
0.006102467700733869      0.6145896234228609
0.006122541607644178      0.6184911076964016
0.006142615514554486      0.6224775756045111
0.006162689421464794      0.6264641213863413
0.006182763328375103      0.6304507415579471
0.006202837235285412      0.6344374326353062
0.006222911142195721      0.6384241911342858
0.0062429850491060295     0.642411013570688
0.00626305895601634       0.6469086670498809
0.006283132862926648      0.6511126892793617
0.006303206769836957      0.6548219089879155
0.0063232806767472656     0.6589528280401873
0.0063433545836575735     0.6630840925487551
0.006363428490567882      0.6672156989118645
0.006383502397478192      0.6713476435275805
0.006403576304388501      0.6753725533251621
0.00642365021129881       0.6794104184060071
0.0064437241182091175     0.6834486844977707
0.006463798025119427      0.6874873481582722
0.006483871932029735      0.6921889201332587
0.006503945838940045      0.6960307801842379
0.006524019745850353      0.6998732222320639
0.0065440936527606615     0.7036020868737811
0.006564167559670969      0.7077077989693182
0.006584241466581278      0.71181427345883
0.006604315373491587      0.7159215068392865
0.006624389280401896      0.7200294956070556
0.0066444631873122054     0.7241382362580072
0.006664537094222513      0.7282477252875668
0.006684611001132823      0.7319933606497332
0.006704684908043132      0.7358082596965876
0.006724758814953441      0.7396241363186206
0.006744832721863749      0.7434409871537165
0.006764906628774058      0.747258808838999
0.006784980535684366      0.7510775980110104
0.006805054442594676      0.75489735130566
0.006825128349504985      0.7587180653581408
0.006845202256415293      0.7625397368032047
0.006865276163325603      0.7664417273402808
0.006885350070235911      0.7699946467211388
0.00690542397714622       0.7735488106065503
0.006925497884056529      0.7771042160196225
0.006945571790966837      0.7806608599826339
0.006965645697877147      0.7842187395170646
0.006985719604787456      0.7877778516435826
0.007005793511697765      0.7913381933820739
0.007025867418608073      0.7948997617516227
0.007045941325518381      0.7984625537704976
0.00706601523242869       0.8015529961187071
0.007086089139338998      0.8046613869606845
0.007106163046249307      0.8079263627053195
0.007126236953159616      0.811192905039496
0.0071463108600699245     0.8144610111917304
0.007166384766980233      0.8177306783895628
0.007186458673890543      0.8210019038595123
0.007206532580800851      0.8234367110438928
0.00722660648771116       0.8264661915229663
0.0072466803946214685     0.8294974589831715
0.007266754301531778      0.8325305108319497
0.007286828208442085      0.835624898780425
0.007306902115352395      0.8383631897507551
0.0073269760222627045     0.8411030651020408
0.007347049929173013      0.8438445224968406
0.007367123836083323      0.8465875595967357
0.00738719774299363       0.8493321740622566
0.007407271649903939      0.8520783635529352
0.007427345556814248      0.8543275536820626
0.007447419463724556      0.8566839083912281
0.007467493370634864      0.8590420637460096
0.007487567277545171      0.8614020176746566
0.007507641184455482      0.8637637681042666
0.007527715091365791      0.8662918914892246
0.0075477889982761        0.8683811145598701
0.007567862905186408      0.8704719263675598
0.007587936812096719      0.8725643250710367
0.007608010719007026      0.8746583088280036
0.007628084625917335      0.8767538757951493
0.007648158532827643      0.8788523652607347
0.007668232439737953      0.8807169380147261
0.007688306346648261      0.8825832546176621
0.00770838025355857       0.8844513134364657
0.0077284541604688796     0.8863172234156521
0.007748528067379189      0.8880914222229133
0.007768601974289496      0.8898671323576809
0.007788675881199806      0.8916443523321592
0.007808749788110115      0.8934230806575684
0.007828823695020422      0.8952033158441645
0.007848897601930731      0.896722769484399
0.00786897150884104       0.8981589536547085
0.00788904541575135       0.8995967268795819
0.007909119322661657      0.9010360878960473
0.007929193229571967      0.9024770354400543
0.007949267136482275      0.9040707065043776
0.007969341043392584      0.9053114159143114
0.007989414950302892      0.9065535349925448
0.008009488857213202      0.9077970626333456
0.00802956276412351       0.9090419977300818
0.00804963667103382       0.9102883391751908
0.008069710577944127      0.9115360858602327
0.008089784484854437      0.9125860853125265
0.008109858391764747      0.9136070624831163
0.008129932298675056      0.9146294846799183
0.008150006205585364      0.9157394306088131
0.008170080112495674      0.9168157218678965
0.008190154019405984      0.9178932633521535
0.008210227926316292      0.9189720541960403
0.008230301833226601      0.9200520935332103
0.008250375740136909      0.921133380496483
0.00827044964704722       0.9219625376621997
0.008290523553957528      0.9227145972066141
0.008310597460867838      0.9234678887246457
0.008330671367778146      0.9242224115330216
0.008350745274688457      0.9249781649476461
0.008370819181598765      0.9258905936241356
0.008390893088509075      0.9265939923012696
0.008410966995419383      0.9272984673230166
0.008431040902329694      0.9280040180745627
0.008451114809240002      0.9287106439403644
0.008471188716150312      0.9294183443041779
0.008491262623060622      0.9300601867418007
0.008511336529970931      0.9305793843677916
0.00853141043688124       0.9310996598116803
0.008551484343791549      0.9316549526955027
0.008571558250701857      0.9322595262584397
0.008591632157612165      0.932865031469865
0.008611706064522474      0.9334714678535017
0.008631779971432782      0.9340788349324358
0.008651853878343094      0.9346871322291427
0.008671927785253402      0.9351794223154847
0.008692001692163711      0.9355573688046368
0.00871207559907402       0.9359362244579738
0.00873214950598433       0.9363159889189816
0.008752223412894639      0.9366966618305431
0.008772297319804948      0.9372131506930126
0.008792371226715256      0.9375852977381399
0.008812445133625568      0.9379582450644721
0.008832519040535875      0.9383319923489102
0.008852592947446185      0.9387065392677993
0.008872666854356495      0.939081885496953
0.008892740761266804      0.9394580307116214
0.008912814668177112      0.9396890206645512
0.008932888575087422      0.9399338486204297
0.008952962481997732      0.9402070569271632
0.00897303638890804       0.9405183377997078
0.00899311029581835       0.9408303092746931
0.009013184202728657      0.9411429711139888
0.009033258109638967      0.9414563230789749
0.009053332016549275      0.941770364930557
0.009073405923459585      0.9420850964291663
0.009093479830369892      0.9422781695158862
0.009113553737280204      0.9424439663710215
0.009133627644190512      0.9426104263203957
0.009153701551100821      0.9427775491992976
0.00917377545801113       0.9429453348425512
0.00919384936492144       0.943215931376909
0.009213923271831749      0.9433944685337257
0.009233997178742058      0.9435736006374614
0.009254071085652368      0.9437533275359301
0.009274144992562678      0.9439336490765339
0.009294218899472986      0.9441145651062435
0.009314292806383294      0.9442425763689035
0.009334366713293605      0.9443446605471835
0.009354440620203913      0.9444473307884277
0.009374514527114223      0.9445884440046031
0.00939458843402453       0.9447327962839909
0.009414662340934842      0.9448776797425029
0.00943473624784515       0.9450230942726746
0.00945481015475546       0.945169039766653
0.009474884061665767      0.9453155161162057
0.009494957968576079      0.945408244812278
0.009515031875486387      0.945470812418819
0.009535105782396696      0.9455338992218443
0.009555179689307006      0.9455975051557505
0.009575253596217316      0.9456616301545633
0.009595327503127624      0.9457868766337346
0.009615401410037933      0.9458518612612462
0.009635475316948243      0.9459173289591402
0.009655549223858553      0.9459832796705899
0.00967562313076886       0.9460497133384195
0.009695697037679168      0.946116629905099
0.00971577094458948       0.946164461369057
0.009735844851499788      0.9461939357840118
0.009755918758410097      0.9462238938485562
0.009775992665320405      0.9462706840052291
0.009796066572230717      0.9463117928743726
0.009816140479141025      0.9463533583928058
0.009836214386051334      0.9463953805329579
0.009856288292961642      0.9464378592669199
0.009876362199871954      0.9464807945664475
0.009896436106782262      0.9465241864029634
0.009916510013692571      0.946499526863726
0.009936583920602881      0.9465057443083971
0.00995665782751319       0.94651242435557
0.009976731734423499      0.9465195669980517
0.009996805641333808      0.946561575184036
0.010016879548244118      0.9465425832935783
0.010036953455154428      0.946524043331926
0.010057027362064735      0.9465059553092019
0.010077101268975043      0.9464883192351968
0.010097175175885355      0.9464711351193685
0.010117249082795663      0.9464544029708433
0.010137322989705972      0.9464269091302937
0.01015739689661628       0.9464094870091816
0.010177470803526592      0.9463925356286041
0.0101975447104369        0.9463770936175562
0.01021761861734721       0.9463351379426589
0.010237692524257517      0.9462936451580665
0.010257766431167829      0.9462526153013091
0.010277840338078137      0.9462120484095752
0.010297914244988446      0.9461719445197175
0.010317988151898756      0.9460878469747195
0.010338062058809066      0.9460412735324204
0.010358135965719373      0.9459951915629455
0.010378209872629683      0.9459496011142088
0.010398283779539993      0.9459045022337643
0.010418357686450302      0.945841400401467
0.01043843159336061       0.9457282667858398
0.010458505500270918      0.9456156323475691
0.01047857940718123       0.9455034971690355
0.010498653314091538      0.9453918613322575
0.010518727221001847      0.9452807249188921
0.010538801127912155      0.9451845527078423
0.010558875034822467      0.945106924336379
0.010578948941732775      0.9450298409939744
0.010599022848643084      0.9449547013068724
0.010619096755553392      0.9448078098807383
0.010639170662463704      0.9446614706057956
0.010659244569374011      0.9445156836050683
0.010679318476284321      0.9443704490011893
0.01069939238319463       0.9442257669163949
0.01071946629010494       0.9439969638291132
0.010739540197015248      0.94386602164355
0.010759614103925558      0.9437356931435685
0.010779688010835868      0.9436059784610609
0.010799761917746177      0.9434768777274917
0.010819835824656485      0.9433854281313616
0.010839909731566793      0.9431228917797014
0.010859983638477105      0.9428609949541605
0.010880057545387413      0.9425997378526185
0.010900131452297722      0.9423391206725032
0.01092020535920803       0.9420791436107944
0.010940279266118342      0.9418198068640286
0.01096035317302865       0.9415781397373577
0.01098042707993896       0.9413756988371357
0.011000500986849267      0.9411739804218846
0.011020574893759578      0.940981329902379
0.011040648800669886      0.940659394662062
0.011060722707580196      0.9403381916034667
0.011080796614490506      0.9400177210015478
0.011100870521400815      0.9396979831307432
0.011120944428311123      0.9393789782649941
0.011141018335221433      0.9389528586347707
0.011161092242131743      0.9386389553409847
0.011181166149042052      0.9383258855864086
0.01120124005595236       0.9380136496714443
0.011221313962862668      0.9377022478958935
0.01124138786977298       0.937391680559025
0.011261461776683288      0.9369247534226262
0.011281535683593597      0.936400536187216
0.011301609590503905      0.9358771794165095
0.011321683497414215      0.9353546835200671
0.011341757404324523      0.9348330489068745
0.011361831311234832      0.9343427036862603
0.011381905218145142      0.9338982488789804
0.011401979125055452      0.9334547820930496
0.01142205303196576       0.9330123037453943
0.01144212693887607       0.9324831865901505
0.011462200845786379      0.9318601358421861
0.011482274752696689      0.9312380712720797
0.011502348659606997      0.9306169934147617
0.011522422566517306      0.9299969028045141
0.011542496473427616      0.9292429643286654
0.011562570380337924      0.9286213367712004
0.011582644287248233      0.9280008410893488
0.011602718194158541      0.9273814778613708
0.011622792101068853      0.926763247664818
0.01164286600797916       0.92621466703062
0.011662939914889469      0.92527554713282
0.011683013821799777      0.9243375917457886
0.011703087728710088      0.9234008016144207
0.011723161635620396      0.9224651774828585
0.011743235542530706      0.9215307200944641
0.011763309449441015      0.9205974301918467
0.011783383356351325      0.9197180242246946
0.011803457263261633      0.918855262779464
0.011823531170171942      0.91799384269311
0.011843605077082252      0.9170620223441335
0.011863678983992562      0.9159586953804091
0.01188375289090287       0.9148566965991309
0.01190382679781318       0.913756026961787
0.011923900704723489      0.9126566874290186
0.011943974611633797      0.9115586789605967
0.011964048518544107      0.9104620025154292
0.011984122425454415      0.9090157197121417
0.012004196332364726      0.9078205711987
0.012024270239275034      0.9066269269515116
0.012044344146185344      0.9054347880480991
0.012064418053095652      0.9042186885506366
0.012084491960005963      0.9026480767123966
0.01210456586691627       0.9010789237655549
0.01212463977382658       0.8995112310019878
0.01214471368073689       0.8979449997126534
0.012164787587647198      0.8963802311875572
0.012184861494557506      0.8947286220857451
0.012204935401467816      0.8931981769593299
0.012225009308378125      0.8916694224110336
0.012245083215288435      0.8904280690554593
0.012265157122198743      0.8884718803112207
0.012285231029109053      0.8865173012047897
0.012305304936019362      0.8845643333666978
0.01232537884292967       0.882612978426437
0.01234545274983998       0.8806632380124666
0.012365526656750288      0.8787151137522158
0.0123856005636606        0.8767686072720565
0.012405674470570907      0.874497620090913
0.012425748377481217      0.8726329990477613
0.012445822284391525      0.8707702494249118
0.012465896191301836      0.8682324257424705
0.012485970098212144      0.8658023886548436
0.012506044005122454      0.8633742650040355
0.012526117912032763      0.8616182533489675
0.012546191818943073      0.8591011942186143
0.012566265725853381      0.8565858009840769
0.01258633963276369       0.8540720758616515
0.012606413539674         0.8515600210665609
0.01262648744658431       0.8490496388129567
0.012646561353494618      0.8465409313139239
0.012666635260404926      0.8440339007814643
0.012686709167315237      0.8415285494265193
0.012706783074225545      0.8390248794589407
0.012726856981135853      0.8353838895184672
0.012746930888046161      0.8324094565397483
0.012767004794956472      0.8294368110998215
0.012787078701866779      0.8271126494666362
0.012807152608777088      0.8239467993527103
0.012827226515687396      0.8207824794758254
0.012847300422597706      0.8176196925504788
0.012867374329508014      0.8144584412901752
0.012887448236418323      0.8112987284074452
0.012907522143328633      0.8081405566138223
0.012927596050238941      0.8049839286198629
0.012947669957149249      0.8011889674615295
0.012967743864059559      0.7977743734486507
0.012987817770969868      0.7943613916257123
0.013007891677880178      0.7916568045375083
0.013027965584790486      0.7879761046587218
0.013048039491700794      0.7842967909243885
0.013068113398611105      0.7806188664888511
0.013088187305521413      0.7769840239573322
0.013108261212431723      0.7734889298501687
0.01312833511934203       0.7699949587600985
0.01314840902625234       0.766502113723987
0.01316848293316265       0.7630103977779582
0.013188556840072958      0.758397214166048
0.013208630746983266      0.7546619544028541
0.013228704653893576      0.7512549580401637
0.013248778560803883      0.747378811870154
0.013268852467714193      0.7435036337658009
0.013288926374624503      0.7396294271194503
0.01330900028153481       0.7357561953226377
0.013329074188445119      0.73188394176633
0.013349148095355428      0.7282862086046263
0.013369222002265738      0.7241584165316561
0.013389295909176048      0.7200313764848334
0.013409369816086356      0.7159050919784649
0.013429443722996664      0.711779566526347
0.013449517629906973      0.7076548036417729
0.013469591536817281      0.7035308068374702
0.01348966544372759       0.6997116140820483
0.013509739350637899      0.6958838563641159
0.01352981325754821       0.6920566505365123
0.013549887164458518      0.6878396671843047
0.013569961071368828      0.6837006235318326
0.013590034978279136      0.679561951278793
0.013610108885189445      0.6754236539221684
0.013630182792099751      0.6712857349586085
0.013650256699010061      0.6671481978845074
0.01367033060592037       0.663011046196016
0.01369040451283068       0.6588742833889742
0.013710478419740988      0.6546121725529017
0.013730552326651296      0.6507007845848293
0.013750626233561608      0.6467896139827609
0.013770700140471916      0.6427855549432214
0.013790774047382222      0.6386795220955751
0.01381084795429253       0.6345735907270745
0.013830921861202841      0.6304677643815276
0.013850995768113149      0.6263620466026439
0.013871069675023457      0.6226317573790985
0.013891143581933765      0.6184893899928926
0.013911217488844075      0.614346966190681
0.013931291395754383      0.6102044895111807
0.013951365302664692      0.6059530818010006
0.013971439209575         0.6020885079791766
0.01399151311648531       0.5982238292212169
0.014011587023395618      0.594359048905676
0.014031660930305927      0.5904941704111095
0.014051734837216237      0.5866291971161312
0.014071808744126545      0.5827641323993352
0.014091882651036853      0.5787469741249314
0.014111956557947163      0.5747640588222351
0.014132030464857472      0.5707808797104169
0.01415210437176778       0.5667974401770545
0.014172178278678088      0.5628137436098617
0.014192252185588396      0.5589749014980153
0.014212326092498706      0.5552952086004624
0.014232399999409014      0.5516152069099474
0.014252473906319323      0.5479348996637183
0.014272547813229631      0.5442542900992211
0.014292621720139943      0.5405733814540328
0.014312695627050249      0.5368037871877269
0.014332769533960558      0.5330315036787431
0.014352843440870866      0.5292587804803721
0.014372917347781176      0.5254856208153139
0.014392991254691484      0.5218319991785473
0.014413065161601792      0.5182487693238622
0.014433139068512102      0.5146651241742046
0.014453212975422408      0.5110810668272616
0.01447328688233272       0.5074966003809205
0.014493360789243025      0.5039117279333176
0.014513434696153337      0.5004351554661381
0.014533508603063645      0.4968930757635724
0.014553582509973951      0.49335047914431357
0.014573656416884259      0.4898073686411463
0.014593730323794568      0.4862637472870564
0.014613804230704876      0.4828062937061467
0.014633878137615184      0.47950172073534797
0.014653952044525496      0.4761966546349379
0.014674025951435804      0.47289109830651
0.014694099858346113      0.46958505465196254
0.014714173765256421      0.46627852657341556
0.014734247672166733      0.4629189872466911
0.014754321579077039      0.45960217742353743
0.014774395485987347      0.45628478197049727
0.014794469392897655      0.4529697202091056
0.014814543299807964      0.4497628265061257
0.014834617206718272      0.4465554057408211
0.014854691113628582      0.4433474606673222
0.01487476502053889       0.4401389940399834
0.0148948389274492        0.43693000861349807
0.014914912834359507      0.4338225678362682
0.014934986741269814      0.430727227180761
0.014955060648180122      0.4276312954294904
0.014975134555090431      0.42453477524939487
0.014995208462000741      0.42143766930765936
0.015015282368911052      0.41833998027185565
0.015035356275821359      0.41533960778142376
0.015055430182731666      0.4124118732477901
0.015075504089641976      0.40948360201144135
0.015095577996552286      0.4065547966341747
0.015115651903462592      0.4036254596781436
0.0151357258103729        0.4006506702249397
0.015155799717283215      0.397763098887485
0.015175873624193521      0.39487492812884056
0.015195947531103829      0.3919861604459337
0.015216021438014137      0.38913426317131034
0.015236095344924448      0.3863001829343114
0.015256169251834754      0.383465580104885
0.015276243158745062      0.38063045710910526
0.015296317065655369      0.3777948163732953
0.01531639097256568       0.37500599310568045
0.015336464879475991      0.3722933454825579
0.0153565387863863        0.3695801301614069
0.015376612693296607      0.3668663494840026
0.015396686600206915      0.36415200579241236
0.015416760507117227      0.3614371014289887
0.015436834414027533      0.3587746613852204
0.015456908320937844      0.35619691836061546
0.015476982227848152      0.35361866485947235
0.015497056134758463      0.35103990313646666
0.01551713004166877       0.3484606354464679
0.01553720394857908       0.3458808640447372
0.015557277855489387      0.3433050962755262
0.015577351762399697      0.34077050315294527
0.015597425669310005      0.3382353545081508
0.015617499576220316      0.3357140626823258
0.015637573483130624      0.33322108072468315
0.01565764739004093       0.33072761157475505
0.01567772129695124       0.32823365736446974
0.01569779520386155       0.3257392202260447
0.015717869110771856      0.3232443022919323
0.015737943017682166      0.3208501833826306
0.015758016924592475      0.3184806866877618
0.015778090831502785      0.3161106768193862
0.01579816473841309       0.31374015582776005
0.0158182386453234        0.3113691257633911
0.01583831255223371       0.3089975886771123
0.015858386459144017      0.3066698784996798
0.015878460366054323      0.304396953594862
0.01589853427296463       0.3021235757858437
0.015918608179874942      0.29984974705348966
0.015938682086785252      0.29757546937890345
0.015958755993695558      0.29529539829284546
0.015978829900605868      0.293073460471416
0.015998903807516177      0.29085103282048697
0.016018977714426483      0.2886281172651881
0.01603905162133679       0.2864231712857534
0.0160591255282471        0.2842237915611333
0.01607919943515741       0.28202399272256445
0.01609927334206772       0.27982377665195496
0.01611934724897803       0.2776231452314589
0.016139421155888335      0.27546468430366294
0.01615949506279864       0.2733754173797676
0.01617956896970895       0.2712857092092665
0.016199642876619257      0.26919556160377756
0.01621971678352957       0.2671049763752087
0.01623979069043988       0.26501395533566663
0.01625986459735019       0.2629494498209266
0.016279938504260495      0.2609311130270112
0.0163000124111708        0.2589123898345667
0.016320086318081108      0.25689328200051187
0.016340160224991417      0.2548737912820136
0.016360234131901727      0.25283996642107426
0.016380308038812037      0.25086769977829343
0.016400381945722343      0.24889501980698658
0.01642045585263265       0.24692192821616854
0.016440529759542962      0.24498539847722556
0.01646060366645327       0.2430291670708067
0.016480677573363578      0.24107258284263405
0.016500751480273884      0.23911564746632208
0.016520825387184197      0.23715836261575768
0.016540899294094507      0.23524030373042554
0.016560973201004817      0.23337491189356382
0.016581047107915123      0.23150914947525483
0.016601121014825436      0.22964301809161575
0.016621194921735742      0.22777651935900642
0.01664126882864605       0.22590965489394335
0.016661342735556358      0.224087197166031
0.01668141664246667       0.22228434201604502
0.01670149054937698       0.22048116328601947
0.016721564456287287      0.21867766254614585
0.016741638363197593      0.21687384136682142
0.016761712270107903      0.21505869128598779
0.01678178617701821       0.2132933101124858
0.01680186008392852       0.211527581999922
0.01682193399083883       0.2097615084786607
0.016842007897749138      0.20803198008005314
0.01686208180465945       0.20627609652867543
0.016882155711569757      0.20451991881370474
0.016902229618480067      0.2027634484376528
0.016922303525390373      0.20100668690319737
0.016942377432300683      0.19930401679740728
0.016962451339210993      0.19762583428891994
0.016982525246121302      0.19594734310664672
0.01700259915303161       0.1942685447032816
0.01702267305994192       0.19258944053173638
0.017042746966852228      0.190910032045093
0.017062820873762534      0.18928551099902083
0.01708289478067284       0.18765671243613483
0.017102968687583153      0.18602764902458271
0.01712304259449346       0.18439832217990773
0.017143116501403773      0.1827687333178315
0.01716319040831408       0.18116005846917582
0.01718326431522439       0.17955829844781537
0.017203338222134698      0.17795624593845646
0.017223412129045008      0.17635390232362508
0.017243486035955314      0.17476234243012087
0.01726355994286562       0.17318589868259374
0.017283633849775937      0.17160920989443976
0.017303707756686243      0.17003227742049923
0.01732378166359655       0.16845510261578586
0.017343855570506855      0.1668776868354333
0.01736392947741717       0.1653690753141733
0.017384003384327475      0.16386037023916766
0.017404077291237784      0.16235140931291703
0.01742415119814809       0.16084219384626952
0.017444225105058407      0.1593327251502151
0.017464299011968713      0.1578230045358787
0.01748437291887902       0.15631300790824637
0.01750444682578933       0.1548368425879448
0.017524520732699635      0.1533604609603481
0.017544594639609945      0.1518838643062469
0.01756466854652025       0.1504070539065922
0.01758474245343056       0.14893039790989435
0.01760481636034087       0.1474850625059484
0.01762489026725118       0.14603949878301395
0.01764496417416149       0.14459370799381835
0.017665038081071796      0.1431627665694659
0.017685111987982102      0.14172464303791596
0.017705185894892412      0.140286327309435
0.017725259801802718      0.138847820618625
0.01774533370871303       0.13740912420024526
0.01776540761562334       0.13599309384182176
0.01778548152253365       0.13460277786589717
0.01780555542944396       0.13321226264026795
0.017825629336354266      0.13182154936842477
0.017845703243264576      0.13043063925397705
0.017865777150174886      0.12903953350062985
0.017885851057085192      0.1276764022109333
0.0179059249639955        0.12631987905993894
0.01792599887090581       0.12496318414266551
0.017946072777816117      0.12360631863835136
0.017966146684726427      0.12224928372631944
0.017986220591636733      0.12088853421842002
0.018006294498547043      0.11954962330317181
0.018026368405457353      0.11821053087134067
0.01804644231236767       0.1168712580816793
0.018066516219277975      0.11555079273484088
0.018086590126188285      0.11421826061340806
0.01810666403309859       0.1128855756687241
0.018126737940008904      0.11155273904460891
0.01814681184691921       0.11021975188489873
0.018166885753829517      0.1089178412078845
0.018186959660739823      0.1076268718951881
0.01820703356765014       0.10633574545401317
0.018227107474560446      0.10504446300219002
0.01824718138147075       0.10375302565753673
0.018267255288381058      0.1024498975745885
0.018287329195291368      0.10118485716894449
0.018307403102201678      0.09991968174050869
0.018327477009111987      0.09865437238817232
0.018347550916022293      0.09738893021093581
0.018367624822932603      0.09612335630784831
0.018387698729842913      0.09485190462950074
0.018407772636753222      0.09360318386110296
0.01842784654366353       0.09235432352227059
0.018447920450573838      0.091105324694643
0.018467994357484148      0.08985792308374829
0.018488068264394458      0.08861413629101614
0.018508142171304767      0.08737023181144782
0.018528216078215073      0.08612621071468574
0.018548289985125387      0.08488207407044511
0.018568363892035693      0.08363782294847104
0.018588437798946         0.08242769898636129
0.01860851170585631       0.08121391226106817
0.01862858561276662       0.08000000882220713
0.018648659519676928      0.07878598971980623
0.01866873342658724       0.07757185600394789
0.01868880733349755       0.0763559479021529
0.018708881240407857      0.07515900181435942
0.018728955147318167      0.07396195770302788
0.018749029054228476      0.0727648166053366
0.018769102961138782      0.07156757955844213
0.01878917686804909       0.07037024759958896
0.018809250774959405      0.06918372464205234
0.01882932468186971       0.06799973891744382
0.01884939858878002       0.06681565311406527
0.01886947249569033       0.06563146825590778
0.01888954640260064       0.06444211573273192
0.018909620309510947      0.06326865497286283
0.01892969421642126       0.06209511028020654
0.018949768123331566      0.06092148266815798
0.01896984203024188       0.059747773150168874
0.01898991593715219       0.058573982739735755
0.019009989844062495      0.057400112450417866
0.0190300637509728        0.056251894638796464
0.01905013765788311       0.055092363713744964
0.019070211564793424      0.05393275262052527
0.01909028547170373       0.05277306236064223
0.01911035937861404       0.051606336296553514
0.01913043328552435       0.05046408104554416
0.01915050719243466       0.04932175421829291
0.01917058109934497       0.04817935680750962
0.019190655006255275      0.04703579824254631
0.01921072891316558       0.0458929969025202
0.01923080282007589       0.04475013757912208
0.019250876726986197      0.04360722125838897
0.019270950633896507      0.042464248926417515
0.019291024540806813      0.04132122156932476
0.019311098447717123      0.040178140173278185
0.01933117235462743       0.039049871074298734
0.019351246261537735      0.03791700113392562
0.019371320168448045      0.036784077443305606
0.01939139407535835       0.03565110097836291
0.01941146798226866       0.034518072715050446
0.01943154188917897       0.033372379302085295
0.01945161579608928       0.032257964613519145
0.01947168970299959       0.03114350299952886
0.0194917636099099        0.030028995427045287
0.01951183751682021       0.028914442863079006
0.01953191142373052       0.027799846274582825
0.019551985330640825      0.026677252093006653
0.019572059237551138      0.025555582232210695
0.019592133144461444      0.024433881304731765
0.01961220705137175       0.023312150276621042
0.019632280958282056      0.022190390113931476
0.019652354865192366      0.02106860178274367
0.019672428772102676      0.01994678624914351
0.019692502679012982      0.01884577561668867
0.019712576585923288      0.017735234650366367
0.019732650492833605      0.01662467334280296
0.01975272439974391       0.015514092654510932
0.01977279830665422       0.014403493546017955
0.019792872213564527      0.013292876977864002
0.019812946120474836      0.012182243910600521
0.019833020027385146      0.011071595304775713
0.019853093934295452      0.009960932120952679
0.019873167841205765      0.008850255319712272
0.01989324174811607       0.007751923295042761
0.01991331565502638       0.006647630153200589
0.01993338956193669       0.005543326128003493
0.019953463468846997      0.004439012173270726
0.019973537375757307      0.0033346892428268156
0.019993611282667616      0.0022303582905226797
0.020013685189577923      0.001126020270165958
0.020033759096488232      2.167613562277211E-5
