% Model:              Two_segments_demag.mph
% Version:            COMSOL 5.6.0.341
% Date:               Feb 13 2022, 14:22
% Dimension:          1
% Nodes:              1000
% Expressions:        1
% Description:        Line graph
% s                       Height
0                         -1.3501494650135849E-5
0                         0.0010404795599652926
3.427763699672515E-5      0.002094463849151565
6.855527399344009E-5      0.0031484484181564837
1.0283291099015486E-4     0.004202430312205081
1.371105479868698E-4      0.005256406576510841
1.7138818498358755E-4     0.006308102868061292
2.056658219803043E-4      0.00735359213376013
2.399434589770194E-4      0.008399076428854629
2.742210959737343E-4      0.00944455281710234
3.084987329704481E-4      0.010513996269965612
3.4277636996716827E-4     0.01156741510728947
3.7705400696388616E-4     0.012620831039051952
4.1133164396060177E-4     0.013662568791362354
4.456092809573155E-4      0.014719721747021448
4.7988691795403755E-4     0.015776862359364895
5.14164554950749E-4       0.016833987666091652
5.484421919474661E-4      0.017891094705033826
5.827198289441852E-4      0.018948180513984947
6.169974659409043E-4      0.02000332699659359
6.512751029376145E-4      0.021061432961550074
6.855527399343351E-4      0.022119519608501066
7.198303769310503E-4      0.023177583969895044
7.541080139277674E-4      0.024244602823581835
7.883856509244844E-4      0.025308702276616763
8.226632879211991E-4      0.02636923420812763
8.569409249179177E-4      0.027432124192437304
8.912185619146356E-4      0.028494987075505015
9.254961989113504E-4      0.02955781987082549
9.597738359080637E-4      0.030620619591982857
9.940514729047869E-4      0.03170002722616474
0.0010283291099015023     0.032774578667602215
0.0010626067468982136     0.03383690002464422
0.0010968843838949295     0.034911088903529536
0.0011311620208916489     0.03598524296653252
0.0011654396578883674     0.03705935919996058
0.0011997172948850806     0.03813343459011851
0.0012339949318817996     0.03922214200902376
0.0012682725688785148     0.04029950881699766
0.001302550205875232      0.041381170294606216
0.0013368278428719485     0.042462790521122534
0.0013711054798686642     0.04354436645586017
0.0014053831168653814     0.044625895058240224
0.0014396607538620936     0.045723641943007216
0.0014739383908588123     0.04681800670502646
0.0015082160278555312     0.04789854047498889
0.0015424936648522482     0.04899728191342101
0.0015767713018489666     0.050095972869224466
0.0016110489388456782     0.05119461026184453
0.0016453265758423986     0.052293191010809544
0.001679604212839114      0.05339171203566594
0.00171388184983583       0.05451662036031955
0.0017481594868325441     0.05561229972968067
0.0017824371238292626     0.05672123457351915
0.0018167147608259826     0.057830108327168284
0.001850992397822696      0.058938917870783446
0.001885270034819415      0.060047660084671974
0.0019195476718161307     0.061184527687650904
0.001953825308812848      0.062312632905692056
0.001988102945809565      0.06341971863086242
0.002022380582806278      0.06455085420325916
0.0020566582198029964     0.06568192042639788
0.002090935856799712      0.06681291412673226
0.002125213493796428      0.06794383213069587
0.002159491130793148      0.06907467126494826
0.002193768767789859      0.07022624987525394
0.0022280464047865767     0.0713727613898256
0.0022623240417832943     0.07251919645106501
0.0022966016787800106     0.07366555183505061
0.0023308793157767256     0.07481182431794756
0.002365156952773444      0.07595801067607612
0.0023994345897701587     0.07714136562108172
0.0024337122267668798     0.07830628791304974
0.0024679898637635935     0.0794519728456516
0.00250226750076031       0.08062802081814945
0.002536545137757024      0.08180397726746276
0.0025708227747537446     0.08297983890017772
0.002605100411750459      0.08415560242299754
0.002639378048747174      0.08535656716488196
0.0026736556857438944     0.08652838224154072
0.0027079333227406086     0.08772125696380846
0.002742210959737324      0.08891403188887669
0.002776488596734042      0.09010670365981917
0.00281076623373076       0.09129926891998293
0.0028450438707274747     0.09252029426807455
0.002879321507724193      0.09373594472453879
0.002913599144720907      0.09495146925315474
0.0029478767817176245     0.09614979295068601
0.002982154418714342      0.09737858845983179
0.0030164320557110546     0.0986072682377908
0.0030507096927077744     0.09983582884372634
0.0030849873297044924     0.10106426683694233
0.0031192649667012096     0.10232904395281672
0.0031535426036979224     0.10355298117449008
0.003187820240694639      0.10480419054245588
0.0032220978776913585     0.10605527451181196
0.0032563755146880736     0.10730622956289028
0.003290653151684793      0.10855705217624928
0.0033249307886815084     0.10985021965212417
0.003359208425678224      0.11112576224407868
0.0033934860626749397     0.11236593082213009
0.003427763699671651      0.1136628687196598
0.003462041336668375      0.11495966369153694
0.00349631897366509       0.1162563121135491
0.003530596610661806      0.11755281036167399
0.0035648742476585213     0.11884915481210903
0.0035991518846552385     0.12015845587848402
0.0036334295216519557     0.1214772876212968
0.0036677071586486685     0.12279596463325801
0.003701984795645389      0.12411448319930941
0.0037362624326421055     0.1254328396046518
0.0037705400696388214     0.12675103013458466
0.003804817706635539      0.12813563559876506
0.003839095343632254      0.129484220242585
0.003873372980628971      0.13080269713537224
0.003907650617625687      0.13217652584043396
0.003941928254622402      0.1335501791163541
0.00397620589161912       0.1349236531245341
0.004010483528615838      0.13629694402660494
0.004044761165612551      0.1377230214966892
0.004079038802609267      0.13907048148906515
0.004113316439605984      0.14047174779735652
0.0041475940766027035     0.14187281984723052
0.004181871713599422      0.1432736936959062
0.004216149350596134      0.144674365401041
0.004250426987592853      0.14614766291878256
0.00428470462458957       0.1475840002209757
0.004318982261586286      0.14895309136186397
0.004353259898583         0.15042089869881803
0.0043875375355797155     0.15188849249634268
0.004421815172576435      0.15335586865661985
0.004456092809573151      0.15482302308215898
0.004490370446569868      0.15628995167584372
0.004524648083566583      0.15776334379331436
0.004558925720563299      0.15926245102420483
0.004593203357560017      0.1607613237021013
0.004627480994556733      0.16225995760780024
0.004661758631553452      0.16375834852236443
0.004696036268550165      0.16525649222730412
0.004730313905546885      0.16685279036143497
0.004764591542543597      0.16839467362525584
0.004798869179540316      0.16987552808309278
0.004833146816537034      0.17145090843137017
0.004867424453533747      0.1730260318543454
0.004901702090530467      0.17460089395315156
0.004935979727527183      0.17617549032931704
0.004970257364523901      0.17774981658481465
0.005004535001520614      0.1793948353691702
0.005038812638517333      0.18096327350296154
0.005073090275514046      0.18258453397790056
0.005107367912510762      0.18420551487397718
0.00514164554950748       0.18582621162812105
0.005175923186504201      0.18744661967783027
0.005210200823500912      0.18915883166820846
0.005244478460497631      0.19081963230006496
0.00527875609749435       0.1924296914654627
0.005313033734491065      0.19414223619734103
0.00534731137148778       0.1958544651825502
0.005381589008484498      0.19756637364971721
0.005415866645481214      0.19927795682798485
0.0054501442824779305     0.20098920994702685
0.0054844219194746455     0.20272894156459698
0.005518699556471365      0.20448104900801248
0.0055529771934680824     0.20623281787685227
0.0055872548304647975     0.2079842432238739
0.0056215324674615125     0.20973532010241755
0.005655810104458232      0.2114860435663978
0.005690087741454947      0.21337995220899866
0.005724365378451663      0.2151913912470749
0.005758643015448377      0.21695789655622486
0.005792920652445097      0.21881797436855388
0.005827198289441812      0.220677681127332
0.005861475926438529      0.22253701163960424
0.0058957535634352465     0.22439596071297624
0.005930031200431965      0.22633126941810086
0.005964308837428682      0.22817037934556947
0.005998586474425395      0.23009255209848486
0.006032864111422111      0.2320143268758433
0.00606714174841883       0.23393569826372468
0.0061014193854155435     0.23585666084869922
0.006135697022412263      0.23787159273847971
0.006169974659408978      0.239850490349912
0.006204252296405693      0.2418289140144686
0.006238529933402412      0.2437816023008364
0.0062728075703991255     0.2458248874666826
0.006307085207395845      0.24786772363819448
0.006341362844392559      0.24991010511888434
0.006375640481389278      0.25195202621296714
0.006409918118385994      0.25408016234751274
0.006444195755382711      0.2561207070410449
0.006478473392379427      0.2582283818084878
0.006512751029376143      0.2603355751523775
0.006547028666372859      0.26244228112963897
0.006581306303369577      0.2645484937980124
0.006615583940366296      0.26679836972660526
0.006649861577363007      0.26896798825091345
0.006684139214359725      0.27108832989872655
0.006718416851356443      0.2733423739137844
0.006752694488353162      0.2755958852503224
0.006786972125349875      0.2778488576386783
0.0068212497623465936     0.2801012848101065
0.006855527399343309      0.28245692953799506
0.006889805036340027      0.28464173395142905
0.006924082673336742      0.2869697857117567
0.006958360310333458      0.289297249245955
0.006992637947330175      0.29162411800506977
0.0070269155843268915     0.2939503854410318
0.007061193221323609      0.29646201326829996
0.007095470858320325      0.2988655654027234
0.007129748495317041      0.3010964662841863
0.007164026132313758      0.30360157093900925
0.007198303769310474      0.3061060300387585
0.007232581406307193      0.3086098366208152
0.007266859043303906      0.31111298372362767
0.007301136680300625      0.31361546438678684
0.00733541431729734       0.31612178862360646
0.007369691954294056      0.31870517690533856
0.007403969591290776      0.32128785755915473
0.007438247228287491      0.32386982330175074
0.007472524865284207      0.32645106685089964
0.007506802502280926      0.3290315809256706
0.007541080139277639      0.33187662137741036
0.007575357776274358      0.33456645032838
0.007609635413271074      0.33708820957948826
0.007643913050267789      0.3398762510194028
0.007678190687264508      0.3426635228644394
0.007712468324261221      0.3454500173437252
0.00774674596125794       0.34823572668777963
0.0077810235982546565     0.35102064312836917
0.007815301235251376      0.35399489772667697
0.00784957887224809       0.3567527715642456
0.007883856509244806      0.3596554328116011
0.007918134146241524      0.3625572693220236
0.007952411783238241      0.3654582729222795
0.007986689420234958      0.3685319508200073
0.008020967057231673      0.3715181417250592
0.00805524469422839       0.37432113488359736
0.008089522331225106      0.37745249547927345
0.008123799968221821      0.38058295066836273
0.008158077605218542      0.38371249175520233
0.008192355242215258      0.3868411100457662
0.008226632879211973      0.3899687968476265
0.008260910516208692      0.393256562244829
0.008295188153205409      0.3963374438106681
0.008329465790202125      0.39958907210692535
0.008363743427198844      0.40283972125640916
0.008398021064195559      0.4060893821057634
0.008432298701192272      0.4093380455033981
0.008466576338188989      0.41284615795251933
0.008500853975185706      0.41620919259557115
0.008535131612182426      0.4194977591041116
0.008569409249179143      0.4230234974012857
0.008603686886175856      0.4265481830462278
0.008637964523172573      0.430071806286427
0.00867224216016929       0.4335943573712487
0.008706519797166008      0.43711813429946994
0.008740797434162723      0.44071178044887943
0.008775075071159443      0.4443843438055229
0.008809352708156156      0.4480557558100204
0.008843630345152873      0.45172600606318136
0.00887790798214959       0.45539508416783286
0.008912185619146307      0.45906297972884597
0.008946463256143023      0.4630897032659333
0.00898074089313974       0.46695254026227995
0.009015018530136457      0.470529117424423
0.009049296167133174      0.47454594703415326
0.009083573804129892      0.47856156647265363
0.009117851441126607      0.4825759645526012
0.009152129078123324      0.48658913008879423
0.00918640671512004       0.490601051898202
0.009220684352116754      0.49490134190986457
0.009254961989113472      0.49884141282473765
0.009289239626110191      0.5030408625138137
0.00932351726310691       0.507239052411155
0.009357794900103624      0.5114359706696379
0.009392072537100343      0.5156316054442965
0.00942635017409706       0.5202059005912223
0.009460627811093775      0.5245797576461091
0.009494905448090491      0.5286868647020692
0.009529183085087206      0.5332644810525964
0.009563460722083923      0.5378407821305234
0.00959773835908064       0.5424157552132347
0.009632015996077357      0.5469893875804123
0.009666293633074072      0.5515616665140902
0.009700571270070788      0.5562484549448536
0.009734848907067505      0.5609867313578627
0.00976912654406422       0.5657236798036652
0.009803404181060937      0.5704592868508402
0.009837681818057656      0.5751935390702644
0.009871959455054372      0.5799264230351768
0.009906237092051089      0.585278050666062
0.009940514729047806      0.5903357693745709
0.00997479236604452       0.5950312823308371
0.010009070003041238      0.6001794631652632
0.010043347640037953      0.6053264104062546
0.010077625277034671      0.6104721096400181
0.010111902914031386      0.6156165464548425
0.010146180551028103      0.6207597064411053
0.010180458188024821      0.6262370274390203
0.010214735825021536      0.6316411050965769
0.010249013462018253      0.6370440901196998
0.010283291099014968      0.6424459671746859
0.010317568736011685      0.6478467209296993
0.010351846373008403      0.6532463360546265
0.010386124010005117      0.6586447972213036
0.010420401647001833      0.6648132848411604
0.010454679283998552      0.6705981073571831
0.010488956920995269      0.6754765060487328
0.010523234557991985      0.681506545352352
0.010557512194988702      0.6875357422329692
0.010591789831985415      0.6936265691641001
0.010626067468982132      0.6993794599286961
0.01066034510597885       0.7051319822598805
0.010694622742975566      0.7108841197360614
0.010728900379972282      0.716635855936027
0.010763178016968999      0.7230521827157825
0.010797455653965716      0.7291194763844928
0.010831733290962431      0.7351867121337152
0.01086601092795915       0.7412538730416934
0.010900288564955864      0.747461142901934
0.010934566201952581      0.7537882637714558
0.010968843838949298      0.7601153977503523
0.011003121475946015      0.7660400481699057
0.011037399112942731      0.7723586669803905
0.011071676749939448      0.7786778074847228
0.011105954386936163      0.7849974518927806
0.01114023202393288       0.7910879173277721
0.011174509660929595      0.7972544635133102
0.011208787297926312      0.8040916437982314
0.011243064934923028      0.8099768702460434
0.011277342571919745      0.8163511177203093
0.011311620208916462      0.8227269463116282
0.011345897845913179      0.8291043382201086
0.011380175482909892      0.835276563184543
0.011414453119906612      0.8415301695171871
0.011448730756903329      0.8477859757856795
0.011483008393900044      0.8540439643751133
0.01151728603089676       0.8603041176657001
0.011551563667893477      0.8659310717232506
0.011585841304890194      0.8718214008480402
0.011620118941886911      0.8784339427121086
0.011654396578883628      0.8843032468004206
0.011688674215880341      0.8901755356000034
0.011722951852877058      0.8960507929625159
0.011757229489873773      0.9019290027331373
0.011791507126870491      0.9072787887666527
0.011825784763867206      0.9128642873800198
0.011860062400863923      0.9184537752246205
0.01189434003786064       0.9240472371930878
0.011928617674857356      0.9296446581696628
0.011962895311854073      0.9349615308598226
0.01199717294885079       0.9396651358178993
0.012031450585847508      0.9443728030208056
0.012065728222844223      0.9493083371340161
0.01210000585984094       0.9542817589998523
0.012134283496837657      0.9592600988203037
0.012168561133834374      0.9642433432313159
0.01220283877083109       0.9685066487623256
0.012237116407827807      0.9724178553388879
0.012271394044824522      0.9763340057714064
0.012305671681821239      0.9802550883823337
0.012339949318817956      0.9841810914837604
0.012374226955814673      0.988112003377429
0.01240850459281139       0.9923509041684286
0.012442782229808106      0.9952909997487475
0.012477059866804823      0.9986973336698538
0.012511337503801538      1.0021089355113533
0.012545615140798253      1.0055257962147497
0.012579892777794971      1.0089479067105123
0.012614170414791688      1.0123752579180965
0.012648448051788403      1.0140994542750827
0.01268272568878512       1.0167292242261539
0.012717003325781838      1.0199009022218088
0.012751280962778555      1.0221660167623534
0.01278555859977527       1.0244359508649916
0.012819836236771987      1.0267106979995788
0.012854113873768704      1.0289902516258236
0.01288839151076542       1.0306039831281937
0.012922669147762137      1.0329064952556393
0.012956946784758852      1.034754346932619
0.012991224421755569      1.0366065606336126
0.013025502058752284      1.0384631314616004
0.013059779695749         1.040324054510248
0.013094057332745717      1.0414680857430227
0.013128334969742434      1.0427017771179514
0.013162612606739149      1.0439398887145157
0.013196890243735866      1.0455844259344522
0.013231167880732583      1.046751935019398
0.0132654455177293        1.0479232694017704
0.013299723154726018      1.0490984258409266
0.013334000791722731      1.0499325332619762
0.013368278428719448      1.050674866688584
0.013402556065716166      1.0517099531217198
0.013436833702712881      1.0525852484119034
0.013471111339709598      1.0534638483800107
0.013505388976706317      1.0543457508434206
0.013539666613703032      1.055044294154568
0.013573944250699747      1.0554477049200113
0.013608221887696463      1.0558543467282195
0.01364249952469318       1.0565632553780542
0.013676777161689895      1.057011427942365
0.013711054798686612      1.0574624035044276
0.01374533243568333       1.0579161808747148
0.013779610072680047      1.0583727588574967
0.013813887709676762      1.0584702591707476
0.01384816534667348       1.0586115551142778
0.013882442983670194      1.059008714964331
0.013916720620666912      1.05929383741716
0.013950998257663627      1.0595813457293632
0.013985275894660344      1.0598712392913767
0.014019553531657063      1.0598708377288621
0.014053831168653778      1.059841553562972
0.014088108805650494      1.0600046211928944
0.014122386442647211      1.0600353013854953
0.01415666407964393       1.0600680051073836
0.014190941716640646      1.0601027323088796
0.014225219353637365      1.0601394829356423
0.01425949699063408       1.0600296344042235
0.014293774627630793      1.0599202775634942
0.014328052264627512      1.0598727953105043
0.014362329901624227      1.059827040003542
0.014396607538620945      1.0597830119057314
0.01443088517561766       1.0597407112760981
0.014465162812614375      1.0596088274285276
0.014499440449611092      1.0593661653707047
0.01453371808660781       1.0591251367894998
0.014567995723604526      1.0590389148220447
0.01460227336060124       1.0588678846695205
0.014636550997597959      1.0586983116498077
0.014670828634594672      1.058530196293261
0.01470510627159139       1.0583635391266717
0.014739383908588108      1.0580510667095189
0.014773661545584826      1.0578062054572575
0.014807939182581543      1.0575985675887911
0.014842216819578258      1.0573921797619903
0.014876494456574975      1.0571870426341463
0.01491077209357169       1.0569831568593895
0.014945049730568408      1.0566898415019603
0.014979327367565125      1.0563734589251679
0.015013605004561843      1.0561117663720538
0.01504788264155856       1.0558625039735499
0.015082160278555273      1.0556143146170889
0.015116437915551992      1.0553671990449434
0.015150715552548709      1.0551211579966218
0.015184993189545427      1.0548152736591034
0.015219270826542142      1.0544926736680413
0.015253548463538857      1.0542363842109423
0.015287826100535572      1.0539810389537607
0.01532210373753229       1.0537266386570614
0.015356381374529006      1.053473184078889
0.01539065901152572       1.0531946586027445
0.015424936648522439      1.052881535162483
0.015459214285519152      1.052590501755268
0.01549349192251587       1.0523376597637408
0.015527769559512586      1.0520856476514715
0.015562047196509304      1.0518344661620564
0.01559632483350602       1.0515841160367994
0.015630602470502738      1.0513160184249517
0.01566488010749945       1.0510160768574413
0.015699157744496164      1.0507737105289368
0.015733435381492883      1.0505320897257828
0.015767713018489598      1.0502912151435948
0.015801990655486316      1.0500510874758475
0.015836268292483028      1.0498341370604476
0.015870545929479746      1.04957502678208
0.01590482356647646       1.0493166107084466
0.015939101203473176      1.04909237210505
0.015973378840469895      1.0488891665873663
0.01600765647746661       1.0486866337560137
0.016041934114463325      1.048484774211185
0.01607621175146004       1.048283588551082
0.01611048938845676       1.048071899442287
0.016144767025453474      1.0478522569352313
0.01617904466245019       1.047672521570108
0.016213322299446907      1.0474934113094976
0.01624759993644362       1.0473149266604318
0.016281877573440337      1.0471665637134198
0.016316155210437052      1.0469922163479797
0.01635043284743377       1.0468184507215765
0.016384710484430486      1.0466455104946701
0.016418988121427204      1.046520574766052
0.016453265758423916      1.0463962202615493
0.01648754339542063       1.046272447358581
0.01652182103241735       1.0461492564327561
0.016556098669414064      1.0460382861960207
0.016590376306410783      1.045902443442492
0.016624653943407494      1.0458039617376238
0.016658931580404213      1.0457060371794766
0.016693209217400928      1.045608670031663
0.016727486854397646      1.0455118605560363
0.01676176449139436       1.0454707465122894
0.016796042128391076      1.0453986865184073
0.01683031976538779       1.0452975342319124
0.016864597402384506      1.0452664927920041
0.016898875039381225      1.0452359906773938
0.01693315267637794       1.0452060279960815
0.016967430313374658      1.0451766048543478
0.017001707950371373      1.0451477213567508
0.017035985587368085      1.0451533220199094
0.017070263224364803      1.0451257374871556
0.017104540861361518      1.0451256003618798
0.017138818498358237      1.0451260016188137
0.017173096135354952      1.0451269412379898
0.01720737377235167       1.0451685084634061
0.017241651409348382      1.0452066027545992
0.017275929046345097      1.045245212528072
0.017310206683341815      1.0452642039574338
0.01734448432033853       1.0453294211104303
0.01737876195733525       1.0453951848216325
0.01741303959433196       1.045461494916959
0.01744731723132868       1.0455283512205884
0.017481594868325394      1.0456399129426968
0.017515872505322112      1.045709925812081
0.017550150142318827      1.045807264738445
0.017584427779315542      1.0459051699946487
0.017618705416312257      1.0460036412860743
0.017652983053308972      1.0461026783163248
0.01768726069030569       1.046263174470418
0.017721538327302406      1.0464053755075033
0.017755815964299124      1.0465155451962516
0.01779009360129584       1.0466715860585378
0.017824371238292554      1.046828220539879
0.01785864887528927       1.0469854482062513
0.017892926512285984      1.0471432686218027
0.017927204149282703      1.0473389369812418
0.017961481786279418      1.0475099895441164
0.017995759423276136      1.047689431051155
0.018030037060272848      1.047869509155189
0.018064314697269566      1.0480502233203781
0.01809859233426628       1.0482315730089666
0.018132869971262996      1.0484558690064028
0.018167147608259715      1.0486905460218778
0.018201425245256427      1.0488901776872939
0.018235702882253145      1.0491160726605406
0.01826998051924986       1.0493426661923855
0.01830425815624658       1.049569957637241
0.018338535793243294      1.0497979463475022
0.01837281343024001       1.0500266316735147
0.018407091067236724      1.050314279704555
0.01844136870423344       1.0505546640863306
0.018475646341230157      1.050795821183373
0.018509923978226872      1.0510377502841115
0.01854420161522359       1.0512804506747968
0.018578479252220306      1.0515157471041663
0.01861275688921702       1.0518174659474506
0.018647034526213736      1.0521199991627364
0.01868131216321045       1.0523780216792997
0.01871558980020717       1.052633021006628
0.018749867437203884      1.052888895704969
0.018784145074200603      1.0531456450194652
0.018818422711197314      1.0534032681928536
0.018852700348194033      1.0537143053207947
0.018886977985190748      1.0540228704466554
0.018921255622187466      1.0542795588376284
0.01895553325918418       1.0545372350622206
0.018989810896180893      1.0547958983618977
0.01902408853317761       1.055055547975522
0.019058366170174326      1.055326398548863
0.019092643807171045      1.0556456942623798
0.01912692144416776       1.0559459105436446
0.019161199081164478      1.0561698294067985
0.01919547671816119       1.0563948912203207
0.019229754355157905      1.0566210952842403
0.019264031992154623      1.0568484408956695
0.01929830962915134       1.0571378266784195
0.019332587266148057      1.0574662469437228
0.019366864903144772      1.0576648268637878
0.019401142540141487      1.0578647162158117
0.019435420177138202      1.0580659143871478
0.019469697814134917      1.0582684207618733
0.019503975451131635      1.0584602547132216
0.01953825308812835       1.0587289499238468
0.01957253072512507       1.0590128542755204
0.01960680836212178       1.0591188296424876
0.0196410859991185        1.0592263588381963
0.019675363636115214      1.0593354414424991
0.019709641273111932      1.059446077031511
0.019743918910108647      1.0595673880536471
0.01977819654710536       1.0598422499398008
0.019812474184102077      1.0598926377285016
0.019846751821098792      1.059944846526876
0.01988102945809551       1.0599988761448855
0.019915307095092226      1.0600547263882154
0.019949584732088944      1.05993766960749
0.01998386236908566       1.0600458847539977
0.020018140006082378      1.0601561624289508
0.020052417643079093      1.0602203490454987
0.020086695280075808      1.060046906611313
0.020120972917072526      1.0598756382588155
0.02015525055406924       1.0597065442840328
0.020189528191065956      1.059539624978083
0.02022380582806267       1.059415545157161
0.02025808346505939       1.0594782867323034
0.020292361102056105      1.0591641979838464
0.02032663873905282       1.0588526305757486
0.02036091637604954       1.0585435852950194
0.02039519401304625       1.0582370629230542
0.02042947165004297       1.0577638815693269
0.020463749287039684      1.0575129817520008
0.020498026924036402      1.057376168027998
0.020532304561033117      1.056692819938663
0.020566582198029832      1.0560124989488868
0.02060085983502655       1.055335206670662
0.020635137472023266      1.0546609447093043
0.020669415109019984      1.053917011665934
0.0207036927460167        1.0535989273069717
0.020737970383013418      1.0527189986341887
0.02077224802001013       1.0518425654910635
0.020806525657006848      1.0509696303267368
0.020840803294003563      1.0501001955827585
0.02087508093100028       1.0487248266273297
0.020909358567997         1.0478389565452262
0.020943636204993715      1.0469571274178349
0.02097791384199043       1.0458542987812314
0.021012191478987145      1.0443110290950546
0.021046469115983863      1.0427718881868593
0.021080746752980578      1.0412368799376661
0.021115024389977297      1.0397060082196803
0.021149302026974008      1.0384204168694757
0.021183579663970723      1.0365778336901168
0.02121785730096744       1.034739873321266
0.021252134937964157      1.032906541057095
0.021286412574960875      1.0310778421819842
0.02132069021195759       1.029253781970476
0.021354967848954305      1.0264024948670993
0.02138924548595102       1.0242827702256407
0.021423523122947735      1.0226925030570335
0.021457800759944454      1.019861682847917
0.02149207839694117       1.0170358791508884
0.021526356033937887      1.0142150995505699
0.021560633670934602      1.011399351620964
0.02159491130793132       1.0085886429254778
0.021629188944928036      1.0047771433707404
0.02166346658192475       1.0024534045206477
0.02169774421892147       0.9989549271363817
0.021732021855918184      0.9954617093629675
0.0217662994929149        0.9919737611232196
0.021800577129911618      0.988491092328866
0.021834854766908336      0.9850137128805678
0.02186913240390505       0.979948585597299
0.02190341004090177       0.9758960992504451
0.02193768767789848       0.9730976840213882
0.021971965314895196      0.9681766677669086
0.022006242951891915      0.9632610226032933
0.02204052058888863       0.9584654554869092
0.022074798225885348      0.9540072426021722
0.022109075862882063      0.9495533109865938
0.02214335349987878       0.9451036738465182
0.022177631136875493      0.9406583443791847
0.022211908773872212      0.9347469490954932
0.022246186410868927      0.9293440333402626
0.022280464047865642      0.9239450652278043
0.02231474168486236       0.9185500594283028
0.022349019321859075      0.9128358987284048
0.022383296958855794      0.9072119538201209
0.02241757459585251       0.9021490031476728
0.022451852232849227      0.8961163855003538
0.022486129869845942      0.8900871857746371
0.022520407506842657      0.8840614207437075
0.022554685143839372      0.878388918302435
0.022588962780836087      0.8726678298728638
0.022623240417832806      0.8658434547841788
0.02265751805482952       0.8602293023130181
0.02269179569182624       0.8539959527193584
0.02272607332882295       0.8477647530549005
0.022760350965819666      0.8415357208974558
0.022794628602816384      0.835308873819796
0.0228289062398131        0.8291086291121179
0.02286318387680982       0.8227313457486933
0.022897461513806536      0.8163556130367357
0.02293173915080325       0.8099814487763048
0.022966016787799966      0.8040728468398881
0.023000294424796685      0.7972045281003024
0.0230345720617934        0.7910276543073295
0.023068849698790115      0.7849693871916288
0.023103127335786833      0.7786550242170929
0.02313740497278355       0.7723412000889672
0.023171682609780267      0.7660279326229285
0.023205960246776985      0.7600458106048306
0.023240237883773704      0.7536024566853492
0.02327451552077042       0.7472864016891649
0.023308793157767137      0.741262956575989
0.02334307079476385       0.7352393990473907
0.023377348431760564      0.7292157462876392
0.023411626068757282      0.7231920154806536
0.023445903705753997      0.7168527382786938
0.023480181342750716      0.7109575275292555
0.023514458979747428      0.705061682504513
0.023548736616744146      0.6991652198231889
0.02358301425374086       0.6932681561047678
0.023617291890737576      0.6873705079695118
0.023651569527734295      0.6818464670040524
0.02368584716473101       0.6759316196964862
0.023720124801727725      0.6699928701767206
0.02375440243872444       0.6644851993231007
0.023788680075721158      0.658976578238037
0.023822957712717877      0.6534670225929414
0.02385723534971459       0.6479565480606849
0.02389151298671131       0.6425658359063849
0.023925790623708025      0.6368543886039483
0.023960068260704744      0.6315345473165687
0.023994345897701462      0.6262135405860086
0.02402862353469818       0.6208913833278111
0.024062901171694896      0.6155680904594572
0.024097178808691617      0.6105515462936819
0.02413145644568833       0.6053537458655354
0.024165734082685044      0.6000456086737239
0.024200011719681763      0.5951141239882524
0.024234289356678478      0.5901813784471053
0.024268566993675196      0.585247386093046
0.024302844630671908      0.5803121609708417
0.024337122267668626      0.5753757171274271
0.024371399904665345      0.5704481159816052
0.024405677541662063      0.565714190895751
0.024439955178658778      0.5609789023579039
0.024474232815655493      0.5562422635569477
0.024508510452652208      0.5515042876840711
0.024542788089648927      0.5467649879327691
0.024577065726645645      0.5424963511561304
0.02461134336364236       0.5379519483713702
0.02464562100063908       0.533097478375001
0.024679898637635794      0.5287883266506516
0.024714176274632505      0.5244778297300086
0.024748453911629224      0.520165999842755
0.024782731548625942      0.5158528492208196
0.024817009185622657      0.511538390098404
0.024851286822619376      0.5072044133060132
0.024885564459616094      0.5030476343193839
0.024919842096612806      0.49888957223404334
0.024954119733609524      0.49473023860904713
0.024988397370606243      0.49056964500558936
0.02502267500760296       0.48640780298705294
0.02505695264459968       0.4826156462130717
0.02509123028159639       0.4786334993481925
0.02512550791859311       0.47445512786470107
0.025159785555589825      0.47065835076843165
0.025194063192586543      0.46686037083162485
0.025228340829583258      0.46306119882980046
0.025262618466579973      0.4592608455404634
0.025296896103576688      0.4554593217432997
0.025331173740573407      0.4516981458542979
0.02536545137757013       0.4480232896917867
0.025399729014566844      0.44434730404096845
0.025434006651563562      0.44067019914883
0.025468284288560277      0.4369919852643052
0.025502561925556996      0.433572097636171
0.02553683956255371       0.4300227776466947
0.02557111719955043       0.42638833017717476
0.025605394836547148      0.42301209631757547
0.025639672473543863      0.41963480073906984
0.02567395011054058       0.41625645305848197
0.025708227747537293      0.4129379708965363
0.025742505384534015      0.4094734780839116
0.02577678302153073       0.4060014326921044
0.025811060658527445      0.40283645386665534
0.025845338295524163      0.39963996062808793
0.025879615932520875      0.396381094917643
0.025913893569517593      0.39312121502637853
0.02594817120651431       0.38986033000420545
0.02598244884351103       0.3865984489027604
0.026016726480507745      0.3837887127817932
0.02605100411750446       0.38070044851437873
0.026085281754501175      0.3774484504575736
0.026119559391497894      0.3744721143355988
0.026153837028494612      0.3714948675773219
0.026188114665491327      0.36851671859014984
0.026222392302488046      0.36553767578312024
0.02625666993948476       0.36250762039872686
0.026290947576481476      0.35967849799132284
0.02632522521347819       0.35679405697214756
0.026359502850474913      0.3539087863872877
0.02639378048747163       0.3510226942413515
0.026428058124468346      0.3481357885404297
0.026462335761465065      0.3454671589843326
0.02649661339846178       0.3427124145167222
0.0265308910354585        0.3397976475676615
0.026565168672455217      0.33714220942327594
0.02659944630945194       0.33448600651496896
0.026633723946448654      0.3318290463517156
0.026668001583445365      0.329171336443877
0.026702279220442087      0.32651288430292663
0.026736556857438802      0.3238717023720059
0.02677083449443552       0.3212973608661054
0.026805112131432236      0.3187223175698204
0.026839389768428954      0.31614657964083365
0.02687366740542567       0.3135701542379459
0.026907945042422384      0.31099304852118365
0.026942222679419103      0.3086273988116466
0.02697650031641582       0.3061575661942541
0.027010777953412536      0.3035731424591534
0.027045055590409255      0.3011859846557882
0.02707933322740597       0.29879820058734063
0.027113610864402685      0.29640979698626646
0.0271478885013994        0.2940207805860553
0.027182166138396118      0.2916311581212148
0.027216443775392837      0.289381776418904
0.02725072141238955       0.2869689474067531
0.027284999049386274      0.28466656777717203
0.027319276686382992      0.2823636200370464
0.027353554323379704      0.28006011061055464
0.027387831960376422      0.27775604592292713
0.027422109597373134      0.2756267886288711
0.027456387234369856      0.27339749951193926
0.02749066487136657       0.2710780842001065
0.027524942508363282      0.2689310216196927
0.02755922014536          0.2667834311146881
0.027593497782356716      0.2646353187537579
0.02762777541935343       0.26248669060646007
0.027662053056350153      0.2603375527431463
0.02769633069334687       0.2582202564073188
0.027730608330343586      0.25613016344945677
0.027764885967340298      0.2540395889503101
0.027799163604337016      0.2519485387290864
0.027833441241333735      0.2498570186056976
0.027867718878330453      0.2478812971058091
0.02790199651532717       0.2458601334289268
0.02793627415232388       0.2438384672567688
0.0279705517893206        0.24177176609304832
0.028004829426317317      0.23982053263345465
0.02803910706331404       0.23786885861317925
0.02807338470031075       0.2359167495479664
0.028107662337307465      0.23396421095439365
0.028141939974304187      0.23198044162299028
0.0281762176113009        0.2301017398295436
0.028210495248297617      0.22819665855847202
0.02824477288529433       0.22629117399901671
0.028279050522291047      0.22438529145400146
0.028313328159287766      0.2224790162267695
0.02834760579628448       0.22069353663154312
0.0283818834332812        0.2188534229718005
0.02841616107027791       0.21693163236813803
0.028450438707274633      0.21514414132799706
0.028484716344271348      0.21335628454060135
0.028518993981268063      0.21156806704972464
0.028553271618264774      0.20977949389963713
0.028587549255261486      0.2079905701351938
0.02862182689225821       0.20627284364329063
0.028656104529254923      0.20446616359657305
0.02869038216625164       0.20272573074440614
0.028724659803248356      0.20098496882747519
0.028758937440245075      0.1992438827049674
0.028793215077241793      0.1975024772365291
0.028827492714238505      0.1958713221839113
0.028861770351235223      0.1941735448053999
0.02889604798823194       0.19242993877288933
0.028930325625228653      0.19078636551580783
0.028964603262225372      0.18914248727272534
0.028998880899222083      0.18749830868569303
0.029033158536218805      0.18585383439718955
0.02906743617321552       0.18420906905020484
0.029101713810212242      0.1825787132097782
0.029135991447208957      0.18096998354343713
0.02917026908420567       0.17936096931903847
0.029204546721202387      0.17775167503001438
0.029238824358199106      0.17614210517023957
0.029273101995195824      0.17453226423405002
0.02930737963219254       0.1730525995603632
0.02934165726918925       0.17148801993998286
0.02937593490618597       0.16987756406610144
0.029410212543182684      0.1683548417690766
0.029444490180179406      0.16683186665199926
0.02947876781717612       0.16530864301125495
0.029513045454172833      0.16378517514353783
0.02954732309116956       0.16226146734596575
0.02958160072816627       0.16075649853230167
0.029615878365162992      0.15926436530729332
0.029650156002159703      0.157771999468823
0.029684433639156425      0.156279405184124
0.029718711276153144      0.1547865866206894
0.029752988913149852      0.1533603871721268
0.02978726655014657       0.15190581888436192
0.029821544187143282      0.150396566955104
0.02985582182414001       0.1489755575421927
0.029890099461136722      0.14755433802704726
0.029924377098133434      0.14613291241723134
0.029958654735130152      0.14471128472062833
0.029992932372126867      0.1432894589454997
0.030027210009123593      0.14186414008872641
0.0300614876461203        0.14046966580683753
0.03009576528311702       0.13907499864146305
0.030130042920113734      0.13768014248888216
0.030164320557110446      0.1362851012456922
0.03019859819410717       0.1348898788087716
0.03023287583110388       0.13356690957146683
0.030267153468100598      0.13219726169585239
0.03030143110509731       0.13079123798026998
0.030335708742094028      0.1294570853698738
0.030369986379090746      0.12812275550687077
0.03040426401608746       0.1267882521499266
0.030438541653084177      0.1254535790579067
0.03047281929008089       0.12411873998999644
0.03050709692707761       0.12278874332057137
0.03054137456407433       0.12147598933617224
0.030575652201071044      0.12016307534937012
0.03060992983806776       0.11885000502735389
0.03064420747506448       0.11753678203757507
0.0306784851120612        0.11622341004771142
0.03071276274905791       0.11497113148364421
0.030747040386054622      0.11368095547889909
0.03078131802305134       0.11237165330695977
0.030815595660048066      0.1111085013364705
0.03084987329704478       0.10984520730868036
0.030884150934041493      0.10858177478070262
0.030918428571038208      0.10731820730972357
0.030952706208034926      0.10605450845324711
0.03098698384503164       0.10479795985333347
0.031021261482028363      0.10355437574170309
0.031055539119025075      0.10231066361601053
0.031089816756021783      0.10106682695506747
0.031124094393018508      0.0998228692377879
0.031158372030015223      0.09861497037514497
0.03119264966701194       0.09738841570542385
0.031226927304008657      0.09616172943996956
0.03126120494100538       0.09492912662658266
0.03129548257800209       0.09372514609661745
0.0313297602149988        0.09252105322873552
0.03136403785199551       0.0913168514116585
0.031398315488992225      0.09011254403431113
0.03143259312598895       0.08892771129963459
0.03146687076298566       0.08771324817855508
0.03150114839998237       0.08652662549497585
0.03153542603697909       0.08533990123592716
0.0315697036739758        0.08415307872626254
0.03160398131097253       0.08296616129106399
0.03163825894796924       0.08181302502711416
0.03167253658496595       0.08063502734878797
0.03170681422196268       0.07944650845931411
0.03174109185895939       0.07829157895631078
0.03177536949595611       0.07713655631287407
0.03180964713295282       0.0759814437823774
0.03184392476994954       0.07482624461823437
0.03187820240694625       0.07367190411527394
0.03191248004394297       0.07251814311913994
0.031946757680939686      0.07137312665037807
0.0319810353179364        0.07022802463514946
0.032015312954933116      0.06908284027919395
0.032049590591929834      0.06793757678847327
0.032083868228926546      0.06682483400925393
0.032118145865923264      0.06569220027887443
0.032152423502919976      0.06453487948554756
0.032186701139916694      0.06341809244249379
0.03222097877691341       0.06230123054704591
0.03225525641391013       0.06118429694196214
0.03228953405090684       0.06006729476998323
0.03232381168790356       0.058950227174164184
0.03235808932490028       0.05781677965444248
0.032392366961897         0.05671911937162243
0.03242664459889372       0.055611245284391604
0.032460922235890435      0.0545033080359076
0.03249519987288715       0.05339531072955397
0.03252947750988387       0.052287256468712025
0.032563755146880584      0.05119995278107749
0.0325980327838773        0.05009814989926858
0.032632310420874014      0.048988381678802144
0.032666588057870725      0.04790077762459223
0.03270086569486745       0.046813120638641514
0.03273514333186416       0.04572541377970338
0.03276942096886088       0.044637660106460475
0.0328036986058576        0.04354986267776844
0.032837976242854325      0.042465975674124974
0.032872253879851036      0.041368432978922724
0.03290653151684775       0.04029238404055384
0.032940809153844466      0.03921628889129366
0.03297508679084118       0.038140150556085065
0.0330093644278379        0.03706397205997212
0.033043642064834615      0.035987756427996925
0.033077919701831326      0.03491150668531583
0.033112197338828045      0.03383925375416817
0.03314647497582476       0.03277241229671484
0.03318075261282148       0.031702709406427644
0.03321503024981819       0.030619678238265002
0.03324930788681491       0.02955744518663706
0.03328358552381163       0.02849517819961915
0.03331786316080835       0.027432880261076903
0.03335214079780507       0.026370554354981226
0.03338641843480178       0.025308203465296622
0.0334206960717985        0.02424583057605413
0.03345497370879521       0.0231844362662174
0.03348925134579193       0.022118009264437542
0.033523528982788646      0.0210515579266447
0.03355780661978536       0.020006874403424114
0.03359208425678208       0.018949272149188914
0.033626361893778794      0.01789164449613699
0.033660639530775506      0.01683399441184723
0.03369491716777223       0.015773123332508184
0.03372919480476894       0.014720896467831583
0.03376347244176566       0.013668653963323929
0.03379775007876239       0.012616398769081926
0.033832027715759105      0.011564133835310788
0.03386630535275582       0.010495550797980695
0.03390058298975253       0.009448961134358787
0.033934860626749254      0.008402360629581076
0.033969138263745965      0.007355752226597655
0.034003415900742684      0.006309138868330216
0.034037693537739395      0.005262523497692623
0.03407197117473611       0.004203831587055152
0.03410624881173283       0.0031491556262656503
0.034140526448729544      0.002094476790214218
0.034174804085726256      0.001039798034749825
0.03420908172272297       -1.4877684242857281E-5
