% Model:              Two_segments_demag.mph
% Version:            COMSOL 5.6.0.341
% Date:               Feb 13 2022, 15:12
% Dimension:          1
% Nodes:              1000
% Expressions:        1
% Description:        Line graph
% s                       Height
0                         3.810044884622233E-4
0                         0.0020034132134187778
1.1986287487936072E-5     0.0036258365721853906
2.397257497587133E-5      0.005248273883210099
3.595886246380823E-5      0.00687072446498072
4.7945149951744485E-5     0.008493187635952339
5.9931437439681204E-5     0.010115662714569202
7.191772492761713E-5      0.011738149019296793
8.390401241555276E-5      0.013360645868580566
9.589029990349022E-5      0.014983152580864996
1.0787658739142582E-4     0.016605668474606258
1.1986287487936242E-4     0.018228192868244435
1.3184916236729955E-4     0.019850725080178058
1.4383544985523564E-4     0.02147326442889588
1.5582173734317065E-4     0.02309581023279452
1.6780802483110763E-4     0.024555205442538763
1.7979431231904364E-4     0.0262110649967641
1.9178059980698035E-4     0.027866933969873768
2.037668872949157E-4      0.029522811665127248
2.1575317478285237E-4     0.031178697385788885
2.2773946227078835E-4     0.032834590435113976
2.3972574975872457E-4     0.03449049011636144
2.517120372466622E-4      0.03614639573278137
2.636983247345971E-4      0.03780230658762924
2.756846122225342E-4      0.0394582219841529
2.8767089971047064E-4     0.041114141225601704
2.996571871984069E-4      0.04277006361521534
3.116434746863427E-4      0.044425988456244354
3.236297621742781E-4      0.046081915051929316
3.3561604966221456E-4     0.04773784270551211
3.476023371501513E-4      0.04939377072023299
3.5958862463808815E-4     0.051049698399338185
3.7157491212602353E-4     0.05270562504605762
3.835611996139604E-4      0.05436154996363724
3.955474871018975E-4      0.05601747245531251
4.075337745898329E-4      0.05767339182432475
4.19520062077768E-4       0.059329307373914925
4.315063495657061E-4      0.060985218407317805
4.434926370536407E-4      0.06264112422777536
4.554789245415769E-4      0.06429702413852924
4.674652120295136E-4      0.06595291744281881
4.7945149951744974E-4     0.06728551952890902
4.914377870053865E-4      0.0689701867703683
5.034240744933232E-4      0.07065487166732079
5.154103619812589E-4      0.07233957351691614
5.273966494691951E-4      0.07402429161628085
5.393829369571322E-4      0.07570902526254282
5.513692244450678E-4      0.07739377375282866
5.633555119330037E-4      0.07907853638425542
5.753417994209408E-4      0.08076331245393277
5.873280869088769E-4      0.08244810125896959
5.993143743968132E-4      0.08413290209646544
6.113006618847483E-4      0.08581771426352401
6.232869493726863E-4      0.08750253705723225
6.352732368606216E-4      0.08918736977468184
6.472595243485592E-4      0.0908722117129562
6.592458118364943E-4      0.09255706216914002
6.712320993244311E-4      0.0942419204403072
6.832183868123667E-4      0.09592678582353109
6.95204674300303E-4       0.0976116576158839
7.071909617882383E-4      0.09929653511443086
7.191772492761758E-4      0.10098141761623901
7.311635367641117E-4      0.10266630441836777
7.431498242520467E-4      0.10435119481787562
7.551361117399858E-4      0.10599060821695958
7.671223992279199E-4      0.10762220708926573
7.791086867158566E-4      0.10925383627007247
7.910949742037929E-4      0.11088549506491838
8.0308126169173E-4        0.11251718277933931
8.150675491796657E-4      0.114148898718856
8.270538366676013E-4      0.11578064218898565
8.39040124155538E-4       0.1174124124952306
8.510264116434741E-4      0.11904420894308966
8.6301269913141E-4        0.1206760308380447
8.749989866193462E-4      0.12230787748556816
8.869852741072828E-4      0.1239397481911368
8.989715615952194E-4      0.12557164226019754
9.109578490831552E-4      0.1272035589982114
9.229441365710922E-4      0.1288354977106162
9.349304240590276E-4      0.1305124915333695
9.469167115469655E-4      0.13222440396864701
9.589029990349E-4         0.1339363682070572
9.708892865228369E-4      0.1356483835394974
9.828755740107732E-4      0.13736044925684232
9.948618614987095E-4      0.13907256464995738
0.0010068481489866458     0.1407847290096876
0.001018834436474582      0.14249694162686083
0.001030820723962518      0.1442092017922891
0.0010428070114504534     0.14592150879677365
0.0010547932989383897     0.14763386193109243
0.0010667795864263273     0.14934626048601518
0.0010787658739142634     0.15105870375229116
0.0010907521614021986     0.15277119102065437
0.0011027384488901367     0.15448372158182552
0.0011147247363780712     0.15619629472651783
0.0011267110238660084     0.15790890974541194
0.0011386973113539443     0.15962156592919421
0.0011506835988418797     0.16133426256852204
0.001162669886329817      0.16304699895404462
0.0011746561738177536     0.16475977437639883
0.0011866424613056889     0.1664725881262067
0.0011986287487936256     0.1681854394940754
0.0012106150362815621     0.16989832777059968
0.0012226013237694976     0.17161125224635693
0.001234587611257434      0.173324212211925
0.001246573898745371      0.17503720695784544
0.0012585601862333067     0.17676230434903015
0.0012705464737212426     0.17839288333139028
0.0012825327612091804     0.18002353339650035
0.0012945190486971158     0.18165425384818246
0.001306505336185053      0.18328504399025972
0.001318491623672988      0.18491590312652129
0.0013304779111609243     0.1865468305607399
0.0013424641986488606     0.1881778255966602
0.001354450486136798      0.1898088875379987
0.001366436773624734      0.1914400156884688
0.00137842306111267       0.1930712093517315
0.0013904093486006067     0.19487853787218576
0.0014023956360885422     0.19661758695223938
0.0014143819235764791     0.19835674008005288
0.0014263682110644148     0.20009599653871005
0.0014383544985523498     0.20183535561125188
0.0014503407860402878     0.2035748165806974
0.001462327073528224      0.20531437873001732
0.00147431336101616       0.20705404134216804
0.0014862996485040959     0.2087938037000557
0.0014982859359920333     0.21053366508656435
0.0015102722234799678     0.21227362478455142
0.0015222585109679054     0.2140136820768257
0.0015342447984558413     0.21575383624618477
0.001546231085943778      0.21749408657537675
0.0015582173734317135     0.21923443234713433
0.0015702036609196504     0.22097487284414033
0.0015821899484075859     0.22271540734907147
0.0015941762358955237     0.22445603514455403
0.0016061625233834587     0.22619675551318866
0.0016181488108713946     0.2279375677375593
0.0016301350983593315     0.22967847110019515
0.0016421213858472674     0.23141946488361648
0.0016541076733352035     0.23316054837030178
0.0016660939608231402     0.23489670473611735
0.0016780802483110755     0.23652336311484098
0.0016900665357990122     0.23815015405431977
0.0017020528232869496     0.23977707685790314
0.0017140391107748848     0.24140413082891132
0.0017260253982628207     0.24303131527061553
0.0017380116857507579     0.2446586294862351
0.0017499979732386935     0.24628607277897555
0.0017619842607266305     0.2479136444519749
0.0017739705482145672     0.24963277782476345
0.0017859568357025018     0.25137777885629764
0.0017979431231904392     0.25312295711100014
0.0018099294106783761     0.25486831187108144
0.0018219156981663118     0.25661384241869883
0.0018339019856542477     0.2583595480359412
0.0018458882731421837     0.2601054280048602
0.0018578745606301198     0.26185148160743954
0.0018698608481180568     0.2635977081256158
0.001881847135605993      0.2653441068412722
0.0018938334230939292     0.267090677036231
0.0019058197105818664     0.26883741799226396
0.0019178059980698007     0.2705843289910964
0.0019297922855577377     0.27233140931438615
0.001941778573045674      0.27407865824375444
0.00195376486053361       0.2758260750607514
0.001965751148021547      0.2775736590468863
0.001977737435509483      0.2793214094836183
0.00198972372299742       0.2810693256523431
0.002001710010485355      0.28281740683441164
0.0020136962979732925     0.28456565231111614
0.0020256825854612285     0.2865184487106263
0.0020376688729491646     0.2881131413960271
0.0020496551604371016     0.28970804605854783
0.002061641447925038      0.2913031620099227
0.0020736277354129733     0.2928984885618083
0.00208561402290091       0.29449402502581085
0.0020976003103888464     0.29608977071346054
0.0021095865978767825     0.2976857249362242
0.002121572885364719      0.2992818870055029
0.002133559172852654      0.3008782562326404
0.0021455454603405903     0.3024408782003316
0.002157531747828528      0.3041670608042095
0.002169518035316464      0.3058935140644758
0.0021815043228044003     0.3076202372713729
0.002193490610292337      0.3093472297150599
0.002205476897780273      0.3110744906856266
0.002217463185268209      0.31280201947306124
0.002229449472756145      0.31452981536728264
0.0022414357602440816     0.3162578776581192
0.0022534220477320186     0.31798620563532587
0.002265408335219955      0.3197147985885683
0.0022773946227078908     0.32144365580743073
0.0022893809101958273     0.32317277658141624
0.0023013671976837634     0.32490216019995233
0.0023133534851716995     0.3266318059523775
0.0023253397726596355     0.3283617131279453
0.0023373260601475725     0.33009188101584125
0.002349312347635509      0.33182230890516795
0.002361298635123444      0.3330608512313224
0.002373284922611381      0.33472977481981037
0.0023852712100993164     0.3363990307537923
0.0023972574975872525     0.33806861833888646
0.00240924378507519       0.3397385368806121
0.002421230072563126      0.3414087856843785
0.0024332163600510608     0.34307936405551065
0.002445202647538998      0.34475027129920766
0.0024571889350269347     0.3464215067205883
0.00246917522251487       0.3480930696246608
0.002481161510002807      0.3497649593163376
0.0024931477974907434     0.3514371751004297
0.0025051340849786786     0.35310971628163856
0.0025171203724666156     0.35478258216458436
0.002529106659954552      0.3564557720537723
0.0025410929474424877     0.3581292852536107
0.0025530792349304247     0.3598031210684149
0.002565065522418361      0.3614772788023896
0.0025770518099062973     0.362849028653839
0.0025890380973942334     0.36432891365731046
0.00260102438488217       0.36580914326089414
0.002613010672370105      0.36728971682636635
0.0026249969598580417     0.36877063371540364
0.0026369832473459795     0.3702518932895813
0.002648969534833914      0.3717334949103578
0.0026609558223218512     0.3732154379390944
0.002672942109809787      0.37469772173704763
0.002684928397297724      0.3761803456653604
0.00269691468478566       0.37766330908508583
0.0027089009722735965     0.37914661135716005
0.002720887259761533      0.38063025184242205
0.002732873547249469      0.3827925595255946
0.0027448598347374056     0.38436086199283853
0.0027568461222253413     0.38592960421160083
0.002768832409713278      0.3874987855464898
0.0027808186972012143     0.3890684053619818
0.0027928049846891504     0.3906384630224305
0.002804791272177086      0.39220895789204285
0.0028167775596650226     0.3937798893348952
0.0028287638471529595     0.3953512567149385
0.002840750134640896      0.3969230593959824
0.002852736422128832      0.3984952967417063
0.002864722709616768      0.40006796811566064
0.002876708997104705      0.401641072881259
0.002888695284592641      0.4032146104017805
0.002900681572080578      0.4047885800403845
0.0029126678595685134     0.40636298116007724
0.0029246541470564495     0.407937813123751
0.0029366404345443865     0.4095130752941655
0.002948626722032322      0.41108876703394454
0.0029606130095202587     0.41266488770556903
0.002972599297008195      0.4139444350806304
0.0029845855844961313     0.4152450298241765
0.0029965718719840674     0.4165460687650356
0.003008558159472004      0.4178475513321463
0.00302054444695994       0.41914947695430066
0.0030325307344478765     0.42045184506016037
0.003044517021935813      0.42175465507825216
0.003056503309423749      0.4230579064369675
0.0030684895969116848     0.42436159856455924
0.003080475884399622      0.42566573088915166
0.003092462171887558      0.4269703028387292
0.003104448459375494      0.4282753138411434
0.00311643474686343       0.429580763324117
0.0031284210343513657     0.431234958782361
0.003140407321839303      0.4326435168044472
0.0031523936093272396     0.434052617859005
0.003164379896815175      0.43546226138030064
0.0031763661843031113     0.436872446802436
0.0031883524717910483     0.438283173559352
0.003200338759278985      0.4396944410848183
0.00321232504676692       0.44110624881244553
0.003224311334254857      0.4425185961756808
0.0032362976217427926     0.4439314826078053
0.00324828390923073       0.4453449075419339
0.003260270196718666      0.4467588704110254
0.003272256484206602      0.44817337064786444
0.0032842427716945374     0.44958840768508057
0.003296229059182474      0.45100398095514027
0.0033082153466704105     0.45242008989033916
0.0033202016341583474     0.4538367339228189
0.0033321879216462835     0.4551167478729307
0.0033441742091342205     0.45623383154647984
0.0033561604966221553     0.45735146201998045
0.003368146784110092      0.45846963879653385
0.0033801330715980283     0.45958836137907705
0.003392119359085965      0.4607076292703775
0.003404105646573901      0.4618274419730404
0.0034160919340618366     0.4629477989894991
0.0034280782215497735     0.46406869982202975
0.00344006450903771       0.4651901439727375
0.003452050796525646      0.4663121309435642
0.0034640370840135822     0.4674346602362816
0.003476023371501519      0.4685577313525052
0.003488009658989455      0.46968134379367965
0.0034999959464773905     0.47080549706108554
0.0035119822339653274     0.47193019065584024
0.003523968521453263      0.4730554240788964
0.0035359548089412        0.4741811968310397
0.0035479410964291366     0.47530750841289293
0.003559927383917072      0.47643435832491726
0.0035719136714050083     0.47754044656918787
0.0035838999588929453     0.478760375680102
0.0035958862463808814     0.4799809461510009
0.0036078725338688183     0.48120215749688405
0.0036198588213567535     0.4824240092325564
0.00363184510884469       0.48364650087263916
0.003643831396332626      0.4848696319315483
0.003655817683820563      0.4860934019235138
0.003667803971308499      0.48733201661474485
0.0036797902587964357     0.4882524794294733
0.0036917765462843705     0.4891735959886242
0.0037037628337723075     0.49009536587676644
0.0037157491212602427     0.49101778867827717
0.0037277354087481797     0.4919408639773232
0.003739721696236116      0.49286459135788574
0.003751707983724053      0.4937889704037483
0.0037636942712119884     0.49471400069848837
0.0037756805586999253     0.49563968182548995
0.0037876668461878614     0.4965076569762645
0.0037996531336757984     0.49750685027747765
0.003811639421163734      0.49850659909487327
0.0038236257086516705     0.49950690303461037
0.003835611996139606      0.5005077617027389
0.003847598283627543      0.5015091747050836
0.0038595845711154797     0.5025111416473391
0.0038715708586034158     0.5035136621350238
0.003883557146091352      0.5045167357734717
0.003895543433579289      0.5055203621678822
0.003907529721067224      0.5065245409232227
0.0039195160085551605     0.5075292716443784
0.003931502296043097      0.5085345539359927
0.003943488583531034      0.5095403874025694
0.00395547487101897       0.5105467716484592
0.003967461158506906      0.5115537062778056
0.003979447445994841      0.5127128467295188
0.003991433733482779      0.5134317323518968
0.0040034200209707145     0.5141511810907085
0.004015406308458652      0.5148711926171573
0.0040273925959465875     0.5155917666022045
0.004039378883434523      0.5163129027167039
0.00405136517092246       0.5170346006313036
0.004063351458410396      0.5177568600164807
0.004075337745898333      0.5184796805425589
0.004087324033386269      0.519203061879675
0.004099310320874206      0.5199270036977914
0.0041112966083621414     0.5206515056667178
0.004123282895850078      0.5213765674560855
0.0041352691833380145     0.5221021887353435
0.004147255470825951      0.5228283691737818
0.0041592417583138875     0.5235551084405163
0.004171228045801823      0.5242824062044946
0.00418321433328976       0.5250102621344842
0.004195200620777695      0.5257386758990874
0.004207186908265632      0.5264676471667464
0.004219173195753568      0.5274977052887194
0.004231159483241505      0.5283142075681159
0.004243145770729441      0.5291313627249159
0.004255132058217378      0.5299491704394822
0.004267118345705314      0.5307676303919897
0.00427910463319325       0.5315867422624014
0.004291090920681186      0.5324065057304905
0.004303077208169122      0.5332269204758392
0.004315063495657058      0.5330874745166856
0.0043270497831449945     0.5336644384097574
0.004339036070632931      0.5342420541171112
0.0043510223581208676     0.534820321377263
0.004363008645608804      0.5353992399285479
0.004374994933096741      0.5367264659927128
0.004386981220584676      0.5373052178039521
0.004398967508072614      0.5378845605556969
0.00441095379556055       0.5384644940141868
0.004422940083048487      0.5390450179454745
0.004434926370536422      0.5396261321154343
0.00444691265802436       0.5402078362897587
0.004458898945512295      0.5407901302339668
0.004470885233000232      0.5413730137133912
0.0044828715204881684     0.5419564864931864
0.004494857807976105      0.5425405483383281
0.0045068440954640415     0.5431251990136123
0.004518830382951977      0.5437104382836528
0.004530816670439914      0.544296265912887
0.00454280295792785       0.5448826816655712
0.004554789245415787      0.5454696853057825
0.004566775532903723      0.546057276597418
0.004578761820391659      0.5466454553041927
0.004590748107879595      0.5472342211896503
0.004602734395367531      0.547823574017147
0.004614720682855468      0.5484135135498632
0.004626706970343404      0.549004039550799
0.004638693257831341      0.5495951517827786
0.004650679545319277      0.5501868500084437
0.004662665832807213      0.5502472023054428
0.004674652120295149      0.5506607892473074
0.004686638407783086      0.5510749665793501
0.0046986246952710215     0.5514897341117551
0.004710610982758958      0.551905091654527
0.004722597270246894      0.5523210390174836
0.00473458355773483       0.5527375760102743
0.004746569845222766      0.5531547024423631
0.004758556132710702      0.5534298636121763
0.004770542420198639      0.5538926347977076
0.0047825287076865754     0.5543559321089767
0.004794514995174511      0.5548197553705293
0.004806501282662448      0.5552841044067508
0.004818487570150383      0.5557489790418633
0.00483047385763832       0.5562143790999281
0.004842460145126256      0.5566803044048467
0.004854446432614193      0.557146754780357
0.0048664327201021285     0.5576137300500371
0.004878419007590065      0.5580812300373023
0.0048904052950780015     0.55854925456541
0.004902391582565938      0.5590178034574543
0.004914377870053874      0.5594868765363649
0.00492636415754181       0.5599564736249175
0.004938350445029746      0.5604265945457227
0.004950336732517682      0.5610316403843513
0.004962323020005619      0.5613075108433934
0.0049743093074935555     0.5615839079192545
0.004986295594981491      0.5618608314811797
0.004998281882469428      0.5621382813982577
0.005010268169957363      0.5624162575394152
0.0050222544574453        0.5626947597734138
0.0050342407449332355     0.5629737879688562
0.005046227032421172      0.5632533419941841
0.005058213319909108      0.5635334217176754
0.005070199607397044      0.5638140270074465
0.005082185894884981      0.564095157731456
0.005094172182372917      0.5643768137574978
0.005106158469860853      0.5646589949532022
0.005118144757348789      0.5649417011860445
0.005130131044836726      0.5652249323233318
0.005142117332324662      0.5655086882322151
0.005154103619812598      0.5657929687796832
0.005166089907300535      0.5660777738325597
0.005178076194788472      0.5663631032575118
0.005190062482276408      0.5666489569210439
0.005202048769764344      0.5669353346894966
0.00521403505725228       0.5672222364290533
0.0052260213447402155     0.5667481356249385
0.005238007632228152      0.5670369908037173
0.0052499939197160886     0.5673263051826268
0.005261980207204024      0.567616078651025
0.005273966494691961      0.5679063110981292
0.005285952782179896      0.5681970024130144
0.005297939069667833      0.5684881524846133
0.0053099253571557686     0.5687797612017171
0.005321911644643705      0.5690718284529744
0.005333897932131641      0.5700395283946402
0.005345884219619576      0.5701903492185499
0.005357870507107513      0.5703416597335933
0.0053698567945954494     0.5704934598719762
0.005381843082083385      0.570645749565759
0.005393829369571322      0.5707985287468471
0.005405815657059258      0.5709517973469984
0.005417801944547194      0.5711055552978179
0.0054297882320351295     0.5712598025307586
0.005441774519523066      0.5714145389771247
0.0054537608070110025     0.571569764568069
0.005465747094498939      0.5717254792345914
0.005477733381986875      0.5718816829075433
0.00548971966947481       0.5720383755176238
0.005501705956962746      0.5721955569953819
0.0055136922444506825     0.5723532272712148
0.005525678531938618      0.5725113862753707
0.005537664819426555      0.5726700339379429
0.005549651106914491      0.5728291701888794
0.005561637394402427      0.5729887949579734
0.0055736236818903625     0.5731489081748684
0.005585609969378299      0.5733095097690581
0.005597596256866235      0.573470599669884
0.005609582544354171      0.5736321778065384
0.005621568831842107      0.5737942441080597
0.005633555119330043      0.5739567985033407
0.005645541406817979      0.5733373005508333
0.005657527694305916      0.5734099118155467
0.005669513981793851      0.5734829724648852
0.005681500269281788      0.5735564824601607
0.005693486556769723      0.5736304417625426
0.00570547284425766       0.5737048503330626
0.005717459131745596      0.5737797081326127
0.005729445419233532      0.5738550151219464
0.005741431706721468      0.5746582075758979
0.005753417994209404      0.5746905235108795
0.00576540428169734       0.5747233271894493
0.0057773905691852765     0.5747566185983258
0.005789376856673212      0.574790397724078
0.005801363144161149      0.5748246645531226
0.005813349431649084      0.574859419071726
0.005825335719137021      0.574894661266005
0.0058373220066249565     0.5749303911219241
0.005849308294112893      0.5749666086252991
0.005861294581600829      0.5750033137617943
0.005873280869088765      0.5750405065169237
0.005885267156576701      0.5750781868760508
0.0058972534440646365     0.5751163548243876
0.005909239731552572      0.5751550103469979
0.005921226019040509      0.5751941534287921
0.005933212306528444      0.5752337840545312
0.005945198594016381      0.5752739022088277
0.0059571848815043165     0.57531450787614
0.005969171168992252      0.5753556010407784
0.005981157456480188      0.5753971816869022
0.005993143743968124      0.5750498088086797
0.00600513003145606       0.5750006285452548
0.0060171163189439965     0.5749519048357051
0.006029102606431932      0.5749036376960571
0.006041088893919868      0.5748558271421924
0.0060530751814078035     0.5748084731898511
0.00606506146889574       0.5747615758546352
0.006077047756383676      0.5747151351520018
0.006089034043871612      0.574669151097268
0.006101020331359548      0.5746236237056094
0.0061130066188474835     0.5747897750389076
0.006124992906335419      0.5747402785002246
0.006136979193823356      0.5746912792562578
0.006148965481311291      0.5746427773422956
0.006160951768799228      0.5745947727934717
0.0061729380562871635     0.5745472656447675
0.0061849243437751        0.5745002559310104
0.006196910631263036      0.5744537436868737
0.006208896918750972      0.5744077289468777
0.006220883206238909      0.5743622117453901
0.006232869493726844      0.5743171921166257
0.006244855781214781      0.5742726700946434
0.0062568420687027166     0.5742286457133503
0.006268828356190653      0.5741851190064998
0.00628081464367859       0.5741420900076913
0.006292800931166526      0.5740995587503718
0.006304787218654462      0.5740575252678336
0.006316773506142398      0.5740159895932169
0.006328759793630334      0.5739749517595065
0.0063407460811182705     0.57388158579331
0.006352732368606207      0.5736935301382099
0.006364718656094143      0.5735059808154713
0.006376704943582079      0.5733189378923251
0.006388691231070016      0.5731324014358454
0.006400677518557952      0.5729463715129505
0.006412663806045888      0.5727608481904019
0.0064246500935338235     0.5725758315348064
0.006436636381021762      0.5723913216126129
0.0064486226685096975     0.5722073184901154
0.006460608955997634      0.5720238222334519
0.00647259524348557       0.5718408329086048
0.006484581530973506      0.5716583505813978
0.006496567818461443      0.5714763753175014
0.006508554105949378      0.5712949071824275
0.006520540393437315      0.5711139462415343
0.006532526680925251      0.5709334925600212
0.006544512968413188      0.5707535462029326
0.0065564992559011236     0.5705741072351576
0.006568485543389059      0.5703951757214271
0.0065804718308769975     0.5698294574765705
0.006592458118364933      0.5696038765608586
0.00660444440585287       0.5693787677754266
0.0066164306933408044     0.5691541312165675
0.006628416980828742      0.5689299669804269
0.006640403268316678      0.5687062751630061
0.006652389555804614      0.5684830558601582
0.0066643758432925505     0.5682603091675923
0.006676362130780487      0.5680380351808701
0.006688348418268424      0.5678162339954078
0.006700334705756359      0.567594905706476
0.006712320993244295      0.567374050409198
0.006724307280732233      0.5676170264947189
0.006736293568220169      0.5673240402408476
0.006748279855708105      0.5670315767982296
0.006760266143196041      0.5667396362963932
0.0067722524306839775     0.5664482188647028
0.006784238718171915      0.5661573246323601
0.00679622500565985       0.5658669537284122
0.006808211293147787      0.5655771062817383
0.006820197580635724      0.5652877824210634
0.006832183868123659      0.5649989822749457
0.006844170155611596      0.5647107059717853
0.006856156443099531      0.5644229536398215
0.00686814273058747       0.5641357254071313
0.0068801290180754045     0.5638490214016314
0.006892115305563341      0.56356284175108
0.006904101593051277      0.5632771865830674
0.006916087880539213      0.5629920560250283
0.00692807416802715       0.5627074502042354
0.006940060455515085      0.5624233692477986
0.006952046743003022      0.5621398132826677
0.006964033030490958      0.5618567824356315
0.006976019317978894      0.5615742768333156
0.006988005605466831      0.560867175872193
0.006999991892954765      0.5604277235287846
0.007011978180442704      0.559988775918378
0.007023964467930639      0.5595503332128486
0.007035950755418574      0.5591123955839042
0.007047937042906511      0.5586749632031126
0.007059923330394447      0.5582380362418755
0.007071909617882384      0.5578016148714428
0.007083895905370319      0.5573656992629061
0.007095882192858257      0.5569302895872056
0.007107868480346193      0.5564953860151208
0.007119854767834129      0.5560609887172816
0.007131841055322065      0.5559129163068399
0.007143827342810001      0.5554819548003849
0.007155813630297939      0.5550515644888242
0.007167799917785875      0.554621745567794
0.007179786205273811      0.5541924982327615
0.007191772492761747      0.5537638226790146
0.007203758780249684      0.553335719101672
0.007215745067737621      0.5529081876956713
0.007227731355225556      0.5524812286557796
0.007239717642713492      0.5520548421765854
0.00725170393020143       0.5516290284525066
0.0072636902176893645     0.5512037876777843
0.007275676505177301      0.5507791200464773
0.007287662792665237      0.5503550257524829
0.007299649080153175      0.5499315049895108
0.007311635367641111      0.5495085579511033
0.007323621655129045      0.5490861848306217
0.007335607942616983      0.5486643858212561
0.007347594230104919      0.5482359903086629
0.007359580517592856      0.5476045245357376
0.0073715668050807915     0.5469736218959645
0.007383553092568726      0.5463432826354568
0.0073955393800566645     0.545713507000153
0.007407525667544599      0.5450842952358202
0.007419511955032536      0.5444556475880579
0.0074314982425204715     0.543827564302291
0.00744348453000841       0.5432000456237661
0.007455470817496345      0.5425730917975613
0.00746745710498428       0.5419467030685853
0.007479443392472217      0.5413208796815684
0.007491429679960153      0.5406956218810723
0.00750341596744809       0.540070929911482
0.007515402254936025      0.539446804017013
0.00752738854242396       0.5388232444417069
0.0075393748299118985     0.5382002514294288
0.007551361117399833      0.5375778252238758
0.00756334740488777       0.5369559660685684
0.0075753336923757054     0.5363346742068578
0.007587319979863643      0.5355134374100222
0.007599306267351579      0.5349382639700664
0.007611292554839514      0.5343637350104441
0.007623278842327451      0.5337898507936855
0.007635265129815387      0.5332166115821244
0.007647251417303325      0.5326440176378954
0.007659237704791259      0.5320720692229431
0.007671223992279195      0.5317802988066737
0.007683210279767133      0.5309539502581833
0.007695196567255068      0.5301282487285653
0.007707182854743005      0.5293031945396979
0.007719169142230939      0.5284787880132699
0.007731155429718877      0.5276550294707608
0.007743141717206813      0.526831919233461
0.007755128004694748      0.5260094576224624
0.007767114292182685      0.5251876449586588
0.007779100579670621      0.524273151783186
0.007791086867158558      0.5235408195574486
0.007803073154646493      0.5228090431353295
0.007815059442134429      0.5220778228491556
0.007827045729622367      0.5213471590311209
0.007839032017110304      0.5206170520132111
0.00785101830459824       0.5198875021272645
0.007863004592086177      0.5191585097049298
0.007874990879574113      0.5184300750777011
0.00788697716706205       0.5177021985768956
0.007898963454549985      0.5169748805336769
0.007910949742037921      0.5162481212789991
0.007922936029525858      0.5155219211436841
0.007934922317013794      0.514796280458369
0.00794690860450173       0.5140711995535058
0.007958894891989666      0.513346678759409
0.007970881179477604      0.5126227184061904
0.007982867466965539      0.511592334364825
0.007994853754453475      0.5105839003374468
0.00800684004194141       0.5095760225177532
0.008018826329429346      0.5085687013020447
0.008030812616917283      0.5075619370864358
0.008042798904405218      0.5065557302668707
0.008054785191893154      0.5055500812391553
0.00806677147938109       0.5045449903988787
0.008078757766869026      0.5035404581414804
0.008090744054356962      0.5025364848622469
0.008102730341844897      0.5015330709562598
0.008114716629332835      0.5005302168184655
0.00812670291682077       0.49952792284359376
0.008138689204308705      0.4985261894262705
0.008150675491796641      0.49752501696088675
0.008162661779284578      0.4965244058416959
0.008174648066772514      0.49552435646278054
0.00818663435426045       0.494524869218026
0.008198620641748387      0.49376438472815504
0.008210606929236324      0.4928463739984526
0.008222593216724259      0.49192902264014104
0.008234579504212195      0.49101233106555253
0.00824656579170013       0.49009629968680724
0.008258552079188068      0.4891809289158194
0.008270538366676003      0.4882662191643204
0.008282524654163938      0.4866877619150094
0.008294510941651874      0.48548407536894145
0.00830649722913981       0.4842810462768062
0.008318483516627747      0.4830786751181857
0.008330469804115682      0.48251803263398335
0.008342456091603619      0.481367557342857
0.008354442379091555      0.4802176529984404
0.00836642866657949       0.4790683201015515
0.008378414954067426      0.47791955915283746
0.008390401241555361      0.4767713706527685
0.0084023875290433        0.4756237551016413
0.008414373816531234      0.4744767129995802
0.008426360104019169      0.47333024484653385
0.008438346391507106      0.47218435114227914
0.008450332678995042      0.47103903238641376
0.008462318966482979      0.46989428907836267
0.008474305253970913      0.4687501217173768
0.008486291541458848      0.4676065308025333
0.008498277828946786      0.4664635168327323
0.008510264116434723      0.4653210803066962
0.00852225040392266       0.46417922172297954
0.008534236691410596      0.4630379415799539
0.008546222978898534      0.4618972403758159
0.00855820926638647       0.46075711860859303
0.008570195553874406      0.4596175767761335
0.008582181841362342      0.45847861537610496
0.008594168128850279      0.45734023490600084
0.008606154416338215      0.4562024358631475
0.008618140703826152      0.4545259408479835
0.008630126991314086      0.4531330327680992
0.008642113278802025      0.45174069011318213
0.00865409956628996       0.45034891344290945
0.008666085853777896      0.4489577033167772
0.00867807214126583       0.44756706029411697
0.008690058428753767      0.44617698493408275
0.008702044716241704      0.4447874777956553
0.008714031003729639      0.4433985394376449
0.008726017291217575      0.4419021573766899
0.008738003578705512      0.4406191706012548
0.008749989866193448      0.4393366585545551
0.008761976153681385      0.4380546217992836
0.00877396244116932       0.4367730608980049
0.008785948728657258      0.43549197641312987
0.008797935016145194      0.4342113689069168
0.00880992130363313       0.4329312389414952
0.008821907591121066      0.4316515870788361
0.008833893878609002      0.43037241388077263
0.008845880166096939      0.42909371990898526
0.008857866453584873      0.42781550572500887
0.00886985274107281       0.4265377718902371
0.008881839028560747      0.4252605189659098
0.008893825316048683      0.4242615283468638
0.00890581160353662       0.4227274711509355
0.008917797891024554      0.42119386088409294
0.008929784178512493      0.41966069816603746
0.008941770466000427      0.4181279836163056
0.008953756753488364      0.41659571785432514
0.008965743040976299      0.4150639014993654
0.008977729328464235      0.41353253517057004
0.008989715615952172      0.41200161948693903
0.009001701903440107      0.41047115506734133
0.009013688190928043      0.4089411425305036
0.00902567447841598       0.40741158249501697
0.009037660765903914      0.40588247557933127
0.009049647053391853      0.40435382240176004
0.009061633340879787      0.40282562358048135
0.009073619628367726      0.4012978797335296
0.009085605915855662      0.3997705914788036
0.009097592203343599      0.39824375943406737
0.009109578490831534      0.39671738421693503
0.00912156477831947       0.3951914664448896
0.009133551065807407      0.393666006735279
0.009145537353295341      0.392141005705301
0.00915752364078328       0.3899837487143012
0.009169509928271218      0.3885870968702734
0.009181496215759153      0.38719079880852025
0.00919348250324709       0.3857948551409375
0.009205468790735024      0.38439926647930694
0.009217455078222962      0.38300403343530504
0.009229441365710897      0.3816091566204882
0.009241427653198834      0.38021463664631233
0.00925341394068677       0.37882047412412856
0.009265400228174707      0.37769729416685965
0.009277386515662643      0.37603217414121054
0.009289372803150578      0.3743673786815442
0.009301359090638516      0.3727029084622337
0.009313345378126453      0.3710387641575558
0.009325331665614387      0.3693749464416816
0.009337317953102324      0.36771145598868943
0.00934930424059026       0.36604829347254636
0.009361290528078199      0.36438545956712376
0.009373276815566134      0.36272295494619183
0.009385263103054068      0.36106078028342264
0.009397249390542005      0.35939893625238034
0.009409235678029941      0.3577374235265342
0.009421221965517878      0.35607624277924044
0.009433208253005813      0.35441539468376815
0.00944519454049375       0.3527548799132737
0.009457180827981686      0.35109469914081426
0.00946916711546962       0.34943485303934635
0.009481153402957557      0.3477753422817206
0.009493139690445494      0.34611616754068214
0.009505125977933432      0.34445732948888513
0.009517112265421367      0.34279882879886603
0.009529098552909303      0.3411406661430643
0.00954108484039724       0.3394828421938163
0.009553071127885176      0.3378253576233533
0.009565057415373113      0.3356171085386087
0.009577043702861048      0.33407992016658733
0.009589029990348984      0.3325429826209143
0.00960101627783692       0.3310062965611169
0.009613002565324857      0.3294698626466388
0.009624988852812794      0.32793368153684643
0.00963697514030073       0.32701764001139766
0.009648961427788668      0.32529498089405356
0.009660947715276603      0.32357253404902037
0.00967293400276454       0.32185030018067906
0.009684920290252476      0.32012827999332183
0.009696906577740414      0.3184064741911898
0.009708892865228351      0.3166848834784558
0.009720879152716286      0.31496350855921684
0.009732865440204222      0.31324235013750407
0.00974485172769216       0.31152140891729435
0.009756838015180095      0.30980068560247787
0.009768824302668032      0.308080180896889
0.009780810590155967      0.3063598955042893
0.009792796877643903      0.3046398301283758
0.00980478316513184       0.30291998547277077
0.009816769452619774      0.3012003622410298
0.009828755740107713      0.29948096113664685
0.00984074202759565       0.2977617828630365
0.009852728315083586      0.2960428281235511
0.00986471460257152       0.29432409762147227
0.009876700890059457      0.29260559206000136
0.009888687177547395      0.29088731214228825
0.00990067346503533       0.28916925857140335
0.009912659752523265      0.2874514320503401
0.0099246460400112        0.28573383328203267
0.009936632327499136      0.2840164629693413
0.009948618614987073      0.28229932181505474
0.009960604902475008      0.28058241052189187
0.009972591189962946      0.2788657297924912
0.009984577477450882      0.2766567174454356
0.00999656376493882       0.27505980487451254
0.010008550052426755      0.2734630531519468
0.010020536339914692      0.2718664629639341
0.01003252262740263       0.27070950269511096
0.010044508914890565      0.2689877296842757
0.010056495202378503      0.26726607038445355
0.010068481489866436      0.26554452550929936
0.010080467777354373      0.2638230957724303
0.01009245406484231       0.26210178188741856
0.010104440352330246      0.2603805845678054
0.010116426639818182      0.2586595045270952
0.010128412927306119      0.25693854247875
0.010140399214794054      0.2552176991362025
0.01015238550228199       0.2534969752128362
0.010164371789769925      0.25177637142199977
0.010176358077257863      0.25005588847701393
0.010188344364745798      0.24833552709113896
0.010200330652233735      0.24661528797761703
0.01021231693972167       0.24489517184964013
0.010224303227209606      0.24317517942036282
0.010236289514697542      0.24145531140290372
0.010248275802185477      0.2397355685103322
0.010260262089673414      0.2380159514556903
0.010272248377161348      0.2362964609519732
0.010284234664649285      0.23457709771213336
0.010296220952137222      0.23285786244908838
0.010308207239625156      0.23113875587570926
0.010320193527113095      0.22941977870483513
0.01033217981460103       0.2277009316492558
0.010344166102088966      0.22598221542171779
0.010356152389576904      0.2241411303446612
0.010368138677064839      0.22243716711273326
0.010380124964552775      0.2207332950996945
0.010392111252040712      0.21902951501356221
0.01040409753952865       0.21732582756229582
0.010416083827016587      0.21562223345385068
0.01042807011450452       0.21391873339613535
0.010440056401992458      0.21221532809703317
0.010452042689480395      0.2105120182644052
0.010464028976968333      0.20880880460605958
0.010476015264456268      0.20710568782979807
0.010488001551944204      0.20540266864337942
0.010499987839432142      0.203699747754522
0.010511974126920077      0.2019969258709342
0.010523960414408014      0.20029420370028134
0.01053594670189595       0.1985744148683678
0.010547932989383887      0.19684889105586936
0.010559919276871822      0.19512345269348097
0.010571905564359756      0.1933981005076781
0.010583891851847693      0.1919233203161212
0.010595878139335631      0.1902028793873809
0.010607864426823568      0.18848249643985257
0.010619850714311502      0.18676217219721095
0.010631837001799439      0.1850049624560258
0.010643823289287377      0.18330119615449664
0.010655809576775312      0.18159748292011993
0.010667795864263249      0.1798938234628308
0.010679782151751185      0.17819021849257183
0.010691768439239122      0.17648666871924026
0.01070375472672706       0.17478317485273048
0.010715741014214995      0.17307973760291037
0.010727727301702931      0.17137635767963627
0.010739713589190868      0.16967303579274054
0.010751699876678804      0.1679697726520346
0.010763686164166739      0.16626656896731565
0.010775672451654675      0.16456342544835387
0.010787658739142614      0.1628603428049195
0.010799645026630549      0.16115732174672762
0.010811631314118485      0.15945436298350346
0.010823617601606422      0.15765552613199982
0.010835603889094358      0.1559943261147188
0.010847590176582295      0.15433316512834405
0.010859576464070231      0.15267204387577304
0.010871562751558166      0.15101096305986023
0.010883549039046104      0.14934992338346767
0.010895535326534037      0.14768892554943927
0.010907521614021974      0.14602797026060477
0.01091950790150991       0.14436705821977255
0.010931494188997847      0.1427061901297409
0.010943480476485782      0.1410453666933021
0.010955466763973718      0.1394212432695637
0.010967453051461653      0.13771690399776776
0.01097943933894959       0.13601258683512127
0.010991425626437526      0.13430829249258924
0.01100341191392546       0.13260402168113747
0.011015398201413399      0.13089977511171938
0.011027384488901334      0.1291955534952767
0.01103937077638927       0.12749135754274615
0.011051357063877207      0.12578718796505178
0.011063343351365143      0.12408304547311391
0.01107532963885308       0.1223789307778373
0.011087315926341016      0.12067484459012369
0.011099302213828955      0.11897078762084308
0.01111128850131689       0.11726676058089411
0.011123274788804826      0.11574680344398904
0.011135261076292763      0.11408505277382346
0.011147247363780699      0.112423310427257
0.011159233651268636      0.11076157710731675
0.011171219938756572      0.10909985351700904
0.011183206226244509      0.10743814035934283
0.011195192513732445      0.10577643833734728
0.011207178801220382      0.10411474815400688
0.011219165088708318      0.10245307051232361
0.011231151376196255      0.10079140611529332
0.01124313766368419       0.09912975566590491
0.011255123951172126      0.09746811986714023
0.011267110238660064      0.09580649942197254
0.011279096526148         0.09414489503337507
0.011291082813635936      0.09248330740432117
0.011303069101123872      0.09081965540465757
0.011315055388611809      0.08917030849148418
0.011327041676099743      0.08752097934952646
0.011339027963587682      0.08587166867111462
0.011351014251075616      0.08422237714857321
0.011363000538563555      0.08257310547421293
0.01137498682605149       0.08092385434035357
0.011386973113539424      0.07927462443927794
0.01139895940102736       0.07762541646329567
0.011410945688515297      0.07597623110469207
0.011422931976003234      0.07422431180179342
0.011434918263491169      0.07256656308701723
0.011446904550979105      0.07090881187448618
0.011458890838467042      0.06925105885634825
0.011470877125954976      0.06759330472472208
0.011482863413442913      0.06593555017174885
0.01149484970093085       0.06427779588956462
0.011506835988418788      0.06262004257029409
0.011518822275906723      0.060962290906062845
0.011530808563394657      0.059304541589013
0.011542794850882592      0.05764679531126217
0.01155478113837053       0.055989052764938096
0.011566767425858467      0.05433131464216388
0.011578753713346402      0.052673581635064394
0.011590740000834338      0.05101585443575382
0.011602726288322276      0.049358133736354184
0.011614712575810211      0.04770042022897543
0.01162669886329815       0.046042714605731526
0.011638685150786084      0.04438501755873014
0.011650671438274023      0.042727329780078385
0.011662657725761957      0.041069651961874266
0.011674644013249894      0.03941198479622097
0.01168663030073783       0.03775432897521161
0.011698616588225767      0.036096685190937214
0.011710602875713703      0.034439054135484835
0.011722589163201638      0.03278143650093773
0.011734575450689575      0.0311238329793754
0.011746561738177513      0.029466244262866516
0.011758548025665448      0.027808671043486454
0.011770534313153386      0.026151114013296877
0.011782520600641319      0.024493573864354082
0.011794506888129257      0.0228360512887142
0.011806493175617194      0.02117854697843269
0.011818479463105129      0.019521061625537503
0.011830465750593065      0.0182093716796003
0.011842452038081002      0.016598595427122106
0.011854438325568938      0.014987827057648869
0.011866424613056875      0.013377067250008017
0.01187841090054481       0.011766316682990738
0.01189039718803275       0.010155576035408929
0.011902383475520684      0.008544845986076497
0.011914369763008621      0.006934127213770273
0.011926356050496556      0.005323420397282054
0.011938342337984492      0.00371272621543518
0.01195032862547243       0.0021020453469851722
0.011962314912960363      4.913784707045925E-4
