% Model:              Two_segments_demag.mph
% Version:            COMSOL 5.6.0.341
% Date:               Feb 13 2022, 15:02
% Dimension:          1
% Nodes:              1000
% Expressions:        1
% Description:        Line graph
% s                       Height
0                         5.21143971202034E-4
0                         0.0016949585129704074
1.3822550212376265E-5     0.002868793110322178
2.76451004247515E-5       0.004042647068955768
4.146765063712824E-5      0.005216519694552769
5.529020084950275E-5      0.006390410292801478
6.911275106187682E-5      0.007564318169392603
8.293530127425486E-5      0.008738242629962152
9.675785148662948E-5      0.009912182980195352
1.1058040169900414E-4     0.011086138525725682
1.2440295191138185E-4     0.012260108572213962
1.3822550212375752E-4     0.01343409242530545
1.5204805233613394E-4     0.014608089390626626
1.6587060254850928E-4     0.015782098773801715
1.796931527608822E-4      0.016956119880466854
1.935157029732577E-4      0.018130152016228432
2.0733825318563343E-4     0.019046623261034446
2.2116080339800904E-4     0.020275451190871922
2.3498335361038668E-4     0.021504309770954022
2.4880590382275996E-4     0.022733198284389803
2.626284540351375E-4      0.023962116014274316
2.764510042475124E-4      0.025191062243685322
2.9027355445988574E-4     0.026420036255694366
3.0409610467226197E-4     0.027649037333356826
3.179186548846398E-4      0.028878064759718932
3.3174120509701417E-4     0.030107117817814416
3.455637553093903E-4      0.03133619579066218
3.593863055217663E-4      0.0325652979612774
3.732088557341424E-4      0.0337944236126602
3.8703140594651726E-4     0.035023572027798835
4.0085395615889214E-4     0.03625274248967693
4.146765063712682E-4      0.037481934281259406
4.284990565836429E-4      0.03871114668550951
4.4232160679601873E-4     0.03994037898537948
4.5614415700839453E-4     0.041169630463806874
4.6996670722077E-4        0.042398900403729026
4.8378925743314656E-4     0.04362818808806595
4.976118076455202E-4      0.044857492799736866
5.114343578578951E-4      0.04608681382164702
5.25256908070272E-4       0.04731615043669815
5.390794582826471E-4      0.04854550192778145
5.52902008495022E-4       0.04977486757778274
5.667245587073978E-4      0.051004246669575315
5.805471089197728E-4      0.05194853101998349
5.943696591321501E-4      0.05316868633476409
6.081922093445261E-4      0.054388887530385684
6.220147595569001E-4      0.05560913389321091
6.358373097692777E-4      0.056829424709577483
6.496598599816507E-4      0.0580497592658059
6.634824101940274E-4      0.05927013684819725
6.773049604064028E-4      0.06049055674303315
6.911275106187799E-4      0.06171101823657459
7.04950060831155E-4       0.06293152061506942
7.187726110435309E-4      0.06415206316474115
7.325951612559051E-4      0.06537264517179846
7.46417711468281E-4       0.06659326592243024
7.602402616806564E-4      0.06781392470280984
7.74062811893031E-4       0.06903462079909313
7.878853621054062E-4      0.0702553534974165
8.017079123177832E-4      0.07147612208390118
8.155304625301588E-4      0.07269692584465251
8.293530127425339E-4      0.07391776406575896
8.43175562954909E-4       0.07513863603329227
8.56998113167285E-4       0.07635954103330841
8.708206633796606E-4      0.07758047835184863
8.846432135920363E-4      0.07880144727494498
8.984657638044129E-4      0.07997614200751883
9.122883140167879E-4      0.08114550553204224
9.261108642291628E-4      0.0823149231035201
9.39933414441539E-4       0.08348439402290958
9.537559646539145E-4      0.08465391759115251
9.675785148662893E-4      0.08582349310916197
9.814010650786656E-4      0.08699311987783173
9.95223615291041E-4       0.08816279719802925
0.0010090461655034172     0.0893325243705981
0.0010228687157157923     0.09050230069636268
0.0010366912659281692     0.09167212547612187
0.0010505138161405426     0.09284199801065758
0.0010643363663529188     0.09401191760072108
0.0010781589165652946     0.09529321548710139
0.0010919814667776691     0.0965156419367575
0.001105804016990046      0.09773814828379342
0.001119626567202421      0.0989607338193791
0.0011334491174147968     0.10018339783466058
0.0011472716676271713     0.10140613962074603
0.0011610942178395466     0.10262895846870446
0.0011749167680519235     0.10385185366957835
0.001188739318264298      0.105074824514368
0.0012025618684766738     0.10629787029404662
0.0012163844186890498     0.10752099029955309
0.001230206968901426      0.10874418382178742
0.0012440295191138017     0.10996745015162415
0.0012578520693261779     0.11119078857989946
0.0012716746195385517     0.11241419839742245
0.0012854971697509267     0.11363767889496683
0.0012993197199633036     0.1148612293632706
0.0013131422701756787     0.11608484909304866
0.0013269648203880536     0.11730853737497944
0.0013407873706004297     0.11853229349971003
0.0013546099208128059     0.11975611675785726
0.0013684324710251804     0.12098000644000963
0.0013822550212375555     0.1222039618367208
0.0013960775714499318     0.1234279822385194
0.0014099001216623078     0.12465206693590052
0.0014237226718746823     0.1258152803579795
0.0014375452220870592     0.12696720760394115
0.0014513677722994337     0.1281192242329926
0.0014651903225118116     0.12927132955582826
0.001479012872724185      0.13042352288311299
0.0014928354229365615     0.1315758035254593
0.0015066579731489358     0.13272817079345278
0.0015204805233613122     0.133880623997635
0.0015343030735736872     0.13503316244851218
0.0015481256237860625     0.13618578545654142
0.0015619481739984403     0.13733849233215442
0.0015757707242108146     0.13860396629329172
0.0015895932744231904     0.13981801300382857
0.0016034158246355664     0.14103217962579404
0.001617238374847941      0.14224646545618405
0.001631060925060316      0.14346086979194933
0.0016448834752726908     0.1446753919299827
0.0016587060254850672     0.14589003116713045
0.0016725285756974437     0.1471047868001851
0.0016863511259098184     0.14831965812588452
0.001700173676122195      0.14953464444092246
0.0017139962263345704     0.15074974504193403
0.0017278187765469445     0.15196495922550768
0.0017416413267593205     0.15318028628818256
0.0017554638769716965     0.15439572552644404
0.0017692864271840723     0.15561127623672996
0.0017831089773964481     0.15682693771542958
0.0017969315276088233     0.158042709258877
0.0018107540778211984     0.1592585901633683
0.0018245766280335744     0.16047457972513768
0.00183839917824595       0.16169067724037675
0.0018522217284583258     0.16290688200523157
0.0018660442786707003     0.16412319331579467
0.001879866828883076      0.16533961046811355
0.0018936893790954517     0.166493554238154
0.0019075119293078281     0.1676246280042018
0.0019213344795202035     0.16875583475236758
0.001935157029732579      0.16988717380315654
0.0019489795799449542     0.17101864447702003
0.001962802130157331      0.17215024609433563
0.001976624680369706      0.1732819779754374
0.0019904472305820814     0.1744138394405923
0.002004269780794457      0.175545829810013
0.002018092331006833      0.17667794840385478
0.002031914881219209      0.17781019454221378
0.0020457374314315838     0.1790915056174836
0.0020595599816439596     0.18029127574582732
0.0020733825318563354     0.18149121277300784
0.0020872050820687103     0.182691316005278
0.002101027632281086      0.18389158474882553
0.002114850182493462      0.18509201830975983
0.0021286727327058377     0.18629261599412045
0.0021424952829182126     0.18749337710787373
0.0021563178331305884     0.18869430095691292
0.0021701403833429642     0.18989538684706486
0.0021839629335553387     0.19109663408408056
0.002197785483767714      0.19229804197363984
0.0022116080339800886     0.1934996098213573
0.0022254305841924657     0.1947013369327675
0.0022392531344048415     0.19590322261334683
0.0022530756846172177     0.19710526616848908
0.002266898234829592      0.1983074669035285
0.0022807207850419667     0.1995098241237187
0.002294543335254344      0.2007123371342656
0.0023083658854667188     0.20205214032127705
0.0023221884356790946     0.2031545860518074
0.002336010985891471      0.2042572172093754
0.0023498335361038453     0.20536003312860318
0.0023636560863162224     0.20646303314403844
0.002377478636528597      0.20756621659013638
0.002391301186740973      0.20866958280128797
0.0024051237369533476     0.209773131111788
0.0024189462871657234     0.21087686085585586
0.002432768837378099      0.2119807713676429
0.002446591387590475      0.213084861981198
0.002460413937802851      0.2141891320305178
0.0024742364880152258     0.2152868923752456
0.0024880590382276016     0.21646612865329673
0.0025018815884399782     0.2176455899362101
0.002515704138652352      0.2188252755423808
0.002529526688864729      0.22000518479010295
0.002543349239077104      0.22118531699757815
0.002557171789289479      0.22236567148290634
0.0025709943395018555     0.22354624756409475
0.0025848168897142304     0.22472704455904913
0.0025986394399266067     0.22590806178558648
0.0026124619901389816     0.22708929856141616
0.002626284540351358      0.22827075420416482
0.0026401070905637328     0.2294524280313568
0.0026539296407761086     0.2306343193604228
0.0026677521909884826     0.23181642750869397
0.0026815747412008597     0.2329987517934147
0.002695397291413235      0.2341812915317249
0.002709219841625611      0.23493039011482308
0.0027230423918379854     0.2360779075809462
0.002736864942050362      0.2372256913129212
0.002750687492262737      0.23837374064142622
0.0027645100424751124     0.2395220548970139
0.0027783325926874877     0.2406706334101214
0.002792155142899863      0.24181947551108102
0.002805977693112239      0.24296858053009868
0.0028198002433246147     0.24411794779727575
0.0028336227935369905     0.2452675766425937
0.0028474453437493654     0.2464174663959255
0.0028612678939617412     0.24756761638702746
0.0028750904441741166     0.2487180259455451
0.002888912994386493      0.24986869440101186
0.002902735544598868      0.251019621082843
0.002916558094811244      0.25217080532035013
0.0029303806450236194     0.25332224644272844
0.0029442031952359947     0.2544396581433127
0.0029580257454483697     0.25546767508392
0.002971848295660745      0.2564959655269923
0.002985670845873121      0.25752452885267657
0.0029994933960854966     0.2585533644410113
0.0030133159462978724     0.2595824716719131
0.0030271384965102474     0.2606118499251809
0.003040961046722623      0.26164149858049096
0.0030547835969349985     0.2626714170174102
0.0030686061471473748     0.26370160461538544
0.0030824286973597493     0.2647320607537439
0.003096251247572125      0.2657627848116987
0.0031100737977845013     0.266793776168344
0.003123896347996876      0.26782503420265924
0.0031377188982092516     0.26885655829351174
0.0031515414484216274     0.26988834781964455
0.0031653639986340028     0.2709204021596894
0.0031791865488463794     0.27233924987331665
0.0031930090990587557     0.2734211792175119
0.0032068316492711315     0.27450344862425247
0.0032206541994835064     0.27558605747578574
0.003234476749695881      0.27666900515422177
0.003248299299908256      0.2777522910415272
0.0032621218501206316     0.27883591451951667
0.0032759444003330083     0.27991987496986287
0.0032897669505453837     0.28100417177409404
0.0033035895007577595     0.28208880431359074
0.0033174120509701357     0.283173771969589
0.0033312346011825093     0.2842590741231837
0.003345057151394886      0.28534471015532265
0.00335887970160726       0.28643067944680944
0.003372702251819636      0.2875169813783042
0.003386524802032012      0.28860361533032725
0.003400347352244387      0.2896905806832475
0.0034141699024567637     0.2907778768172997
0.003427992452669139      0.29186550311257
0.003441815002881513      0.2929534589490035
0.0034556375530938894     0.29373621485853113
0.003469460103306265      0.29465278619495644
0.00348328265351864       0.2955697026234359
0.0034971052037310172     0.2964869635816446
0.0035109277539433926     0.2974045685071085
0.0035247503041557684     0.29832251683721195
0.003538572854368143      0.29924080800918007
0.003552395404580519      0.30015944146010115
0.0035662179547928945     0.3010784166269075
0.0035800405050052703     0.30199773294638954
0.0035938630552176457     0.30291738985518146
0.0036076856054300206     0.30383738678978317
0.003621508155642397      0.3047577231865402
0.003635330705854772      0.30589423721246983
0.0036491532560671484     0.3068843201247796
0.0036629758062795234     0.307874821579066
0.003676798356491899      0.30886574101517233
0.0036906209067042745     0.30985707787275935
0.0037044434569166508     0.3108488315913181
0.0037182660071290266     0.3118410016101497
0.003732088557341401      0.3128335873683795
0.0037459111075537764     0.31382658830496013
0.0037597336577661522     0.31482000385866404
0.003773556207978528      0.3158138334680826
0.003787378758190904      0.31680807657163124
0.0038012013084032788     0.31780273260755
0.003815023858615656      0.31879780101389726
0.0038288464088280312     0.31979328122856043
0.0038426689590404053     0.3207891726892439
0.0038564915092527802     0.3218079137364475
0.003870314059465156      0.3226158157055287
0.0038841366096775323     0.3234241479283064
0.0038979591598899076     0.32423290990382675
0.003911781710102284      0.3250421011309474
0.00392560426031466       0.32585172110834487
0.0039394268105270355     0.32666176933451146
0.00395324936073941       0.3274722453077551
0.003967071910951786      0.3282831485262023
0.003980894461164162      0.3290944784877934
0.003994717011376537      0.3299062346902852
0.004008539561588913      0.33071841663125606
0.0040223621118012885     0.3315310238080968
0.004036184662013664      0.3323440557180184
0.00405000721222604       0.33315751185804454
0.004063829762438416      0.3339713917250277
0.004077652312650792      0.33478569481562437
0.004091474862863167      0.3356004206263208
0.0041052974130755425     0.336415568653415
0.004119119963287917      0.3372311383930234
0.004132942513500294      0.33804712934108494
0.00414676506371267       0.33887587366623684
0.004160587613925046      0.3397625989944197
0.004174410164137421      0.34064982581081976
0.004188232714349796      0.34153755361859095
0.004202055264562173      0.3424257819206658
0.004215877814774548      0.34331451021977544
0.004229700364986924      0.34420373801842596
0.0042435229151993005     0.34502024827447936
0.004257345465411675      0.345715807627099
0.004271168015624051      0.3464118882028669
0.004284990565836426      0.3471084895661739
0.004298813116048803      0.3478056112811837
0.004312635666261179      0.34850325291183937
0.0043264582164735535     0.3492014140218619
0.004340280766685929      0.34990009417474915
0.004354103316898304      0.35059929293378106
0.00436792586711068       0.3512661379642352
0.004381748417323056      0.3520038238553451
0.004395570967535432      0.35274195953618803
0.0044093935177478075     0.35348054459640577
0.004423216067960183      0.35421957862541625
0.004437038618172559      0.3549590612124654
0.004450861168384935      0.35569899194660226
0.004464683718597309      0.356439370416684
0.004478506268809686      0.357180196211369
0.004492328819022061      0.3579214689191347
0.004506151369234437      0.35866318812825115
0.004519973919446813      0.35940535342680435
0.004533796469659189      0.3601479644027061
0.004547619019871565      0.36089102064363965
0.00456144157008394       0.361634521737118
0.004575264120296315      0.36237846727047623
0.00458908667050869       0.36329975630688244
0.004602909220721066      0.3638463967253018
0.004616731770933442      0.36439349259617626
0.004630554321145818      0.3649410435708565
0.0046443768713581935     0.3654890493004876
0.004658199421570569      0.36603750943601693
0.004672021971782944      0.36658642362821325
0.00468584452199532       0.3671357915276273
0.004699667072207695      0.36768561278462736
0.004713489622420071      0.3682358870493878
0.0047273121726324465     0.3687866139718846
0.004741134722844822      0.36933779320189536
0.004754957273057197      0.36988942438901234
0.004768779823269572      0.37044150718262925
0.004782602373481949      0.3709940412319272
0.004796424923694325      0.37154702618593194
0.0048102474739067005     0.3722855075105739
0.004824070024119075      0.372915187935728
0.004837892574331451      0.3735454025178011
0.004851715124543827      0.374176150909808
0.004865537674756202      0.37480743276452294
0.004879360224968578      0.3754392477345019
0.0048931827751809535     0.37607159547207397
0.004907005325393329      0.37670447562933507
0.004920827875605705      0.37733788785815403
0.00493465042581808       0.377971831810174
0.004948472976030456      0.3786063071368116
0.004962295526242832      0.37867999343000325
0.004976118076455207      0.37913689866638317
0.004989940626667582      0.3795943427158494
0.005003763176879958      0.38005232528957583
0.005017585727092334      0.3805108460985077
0.00503140827730471       0.38096990485335586
0.005045230827517086      0.3814295012646086
0.005059053377729461      0.38188963504251583
0.0050728759279418355     0.3823503058971054
0.005086698478154211      0.3829353751807358
0.005100521028366587      0.3834084129908217
0.005114343578578963      0.38388192298630575
0.005128166128791339      0.3843559049055309
0.0051419886790037145     0.38483035848663105
0.005155811229216091      0.3853052834675411
0.005169633779428466      0.3857806795859904
0.005183456329640841      0.3862565465795037
0.005197278879853216      0.38673288418541124
0.005211101430065592      0.38720969214083023
0.0052249239802779675     0.3876869701826815
0.005238746530490343      0.38816471804768143
0.005252569080702719      0.3886429354723471
0.005266391630915095      0.38912162219298924
0.00528021418112747       0.38960077794571657
0.005294036731339846      0.39008040246643977
0.005307859281552221      0.3905604954908637
0.005321681831764596      0.391041056754494
0.005335504381976972      0.39142757436761205
0.005349326932189348      0.3917668616218651
0.005363149482401724      0.3921066402210354
0.0053769720326141        0.39244690995480297
0.005390794582826475      0.39278767061264436
0.005404617133038851      0.39312892198382066
0.005418439683251227      0.3934706638573825
0.005432262233463602      0.3938128960221704
0.005446084783675978      0.3941556182668136
0.0054599073338883536     0.3944988303797315
0.005473729884100729      0.3948425321491308
0.005487552434313104      0.39518672336300875
0.005501374984525481      0.39553140380915225
0.005515197534737857      0.3958765732751377
0.0055290200849502326     0.39622223154833014
0.005542842635162608      0.39656837841588705
0.005556665185374983      0.3969150136647499
0.005570487735587359      0.3972621370816567
0.005584310285799734      0.39760974845313024
0.00559813283601211       0.3977981570441805
0.005611955386224485      0.39808710493532606
0.0056257779364368606     0.3983764999728935
0.005639600486649236      0.3986663419822125
0.005653423036861612      0.3989566307884211
0.005667245587073988      0.39924736621646517
0.005681068137286363      0.3995385480910947
0.005694890687498738      0.39983017623686856
0.005708713237711114      0.4001222504781524
0.005722535787923489      0.4004147706391172
0.005736358338135865      0.40070773654374425
0.005750180888348241      0.40100114801581893
0.005764003438560617      0.4012950048789352
0.005777825988772993      0.4017701192578824
0.0057916485389853676     0.40199937613592146
0.0058054710891977425     0.402229112008065
0.005819293639410118      0.40245932673695334
0.005833116189622494      0.4026900201850216
0.00584693873983487       0.40292119221449696
0.005860761290047246      0.40315284268740054
0.0058745838402596215     0.4033849714655491
0.005888406390471997      0.4036175784105501
0.005902228940684372      0.4038506633838083
0.005916051490896748      0.40408422624651896
0.005929874041109123      0.4043182668596739
0.005943696591321499      0.4045527850840567
0.0059575191415338746     0.40478778078024746
0.00597134169174625       0.40502325380861803
0.005985164241958626      0.4052592040293347
0.005998986792171001      0.4051676339147047
0.006012809342383377      0.40538179737746993
0.006026631892595753      0.40559639015809507
0.006040454442808128      0.4058114121427647
0.0060542769930205026     0.40602686321747555
0.006068099543232878      0.40624274326803683
0.006081922093445254      0.4064590521800759
0.00609574464365763       0.40667578983902947
0.006109567193870006      0.40689295613014964
0.0061233897440823816     0.4071105509385034
0.006137212294294757      0.40732857414897156
0.006151034844507133      0.4075470256462481
0.006164857394719507      0.40776590531484147
0.006178679944931883      0.4079852130390739
0.006192502495144259      0.4082049487030825
0.0062063250453566355     0.4085253294738899
0.006220147595569011      0.4086339302199478
0.006233970145781385      0.4087429789902128
0.006247792695993759      0.4088524757141374
0.006261615246206135      0.4089624203209799
0.006275437796418511      0.4090728127398064
0.006289260346630887      0.40918365289948705
0.006303082896843263      0.4092949407287006
0.006316905447055638      0.40940667615592946
0.006330727997268014      0.4095188591094629
0.00634455054748039       0.40963148951739814
0.006358373097692766      0.40974456730763603
0.006372195647905142      0.40985809240788484
0.006386018198117517      0.4099720647456595
0.006399840748329893      0.4100864842482804
0.006413663298542269      0.4102013508428745
0.006427485848754645      0.4103166644563757
0.006441308398967021      0.4104324250155225
0.006455130949179396      0.41054863244686324
0.00646895349939177       0.4106652866767482
0.0064827760496041454     0.41052652287472546
0.006496598599816521      0.4105876894798663
0.006510421150028897      0.41064926255965695
0.006524243700241273      0.4107112420711174
0.006538066250453649      0.4107736279710914
0.0065518888006660244     0.41083642021624506
0.0065657113508784        0.41089961876306885
0.006579533901090776      0.4109632235678739
0.006593356451303152      0.41102723458679663
0.006607179001515528      0.41109165177579426
0.0066210015517279034     0.41147506698458314
0.006634824101940279      0.41150783399745794
0.006648646652152655      0.4115410454550464
0.006662469202365029      0.41157470133957685
0.006676291752577405      0.4116088016330857
0.006690114302789781      0.4116433463174165
0.0067039368530021565     0.4116783353742197
0.006717759403214531      0.41171376878495314
0.006731581953426906      0.4117496465308828
0.006745404503639282      0.41178596859308153
0.006759227053851658      0.41182273495243016
0.006773049604064034      0.4118599455896159
0.00678687215427641       0.41189760048513463
0.006800694704488785      0.41193569961928916
0.006814517254701161      0.4119742429721891
0.006828339804913537      0.4120132305237529
0.006842162355125913      0.41205266225370496
0.006855984905338289      0.41199541538057766
0.006869807455550663      0.4119637764116875
0.0068836300057630384     0.41193255334014134
0.006897452555975414      0.4119017461794566
0.00691127510618779       0.4118713549429706
0.006925097656400166      0.4118413796438385
0.006938920206612542      0.41181182029503566
0.0069527427568249174     0.4117826769093557
0.0069665653070372915     0.41175394949941146
0.006980387857249667      0.4117256380776349
0.006994210407462043      0.4116977426562767
0.007008032957674419      0.4116702632474072
0.007021855507886795      0.411643199862915
0.0070356780580991705     0.4116165525145076
0.007049500608311546      0.4115903212137123
0.007063323158523922      0.4115647213481491
0.007077145708736296      0.4115327062452938
0.007090968258948672      0.4115011451102604
0.007104790809161048      0.41147003797731657
0.007118613359373424      0.41143938488053344
0.007132435909585799      0.41140918585378583
0.007146258459798175      0.41137944093075124
0.007160081010010551      0.4113501501449112
0.007173903560222927      0.41132131352955115
0.007187726110435303      0.41129293111775916
0.007201548660647677      0.4112650029424267
0.0072153712108600524     0.4112375290362493
0.007229193761072428      0.41121050943172466
0.007243016311284804      0.4111839441611553
0.00725683886149718       0.41115783325664623
0.007270661411709554      0.41113217675010555
0.00728448396192193       0.4111069746732461
0.0072983065121343055     0.4110181395731443
0.007312129062346681      0.41086733396631303
0.007325951612559057      0.41071698651163124
0.007339774162771433      0.4105670972814096
0.007353596712983809      0.41041766634776244
0.0073674192631961845     0.41026869378260183
0.00738124181340856       0.4101201796576454
0.007395064363620936      0.4099721240444107
0.007408886913833312      0.4098245270142169
0.007422709464045688      0.4096773886381851
0.0074365320142580635     0.40953070898723837
0.007450354564470438      0.40938448813210065
0.007464177114682813      0.40923872614329915
0.007477999664895188      0.4090934230911593
0.007491822215107564      0.4089485790458119
0.00750564476531994       0.40880419407718666
0.007519467315532316      0.4086602682550144
0.0075332898657446915     0.4085168016488302
0.007547112415957067      0.4082426061415742
0.007560934966169443      0.4080779448731012
0.007574757516381819      0.40791370446981196
0.007588580066594195      0.4077498850329183
0.0076024026168065705     0.40758648666344577
0.007616225167018946      0.40742350946223926
0.007630047717231322      0.4072609535299597
0.007643870267443698      0.40709881896708505
0.007657692817656074      0.40693710587391013
0.0076715153678684495     0.4067758143505482
0.007685337918080824      0.4066149444969261
0.0076991604682931985     0.40645449641279036
0.007712983018505574      0.4062944701977033
0.00772680556871795       0.4061348659510444
0.007740628118930326      0.40628506225307937
0.007754450669142702      0.4060491684209807
0.0077682732193550775     0.4058137334722592
0.007782095769567453      0.4055787575496408
0.007795918319779829      0.40534424079565795
0.007809740869992205      0.405110183352642
0.007823563420204582      0.40487658536272475
0.007837385970416957      0.40464344696784094
0.007851208520629333      0.4044107683097274
0.007865031070841709      0.40417854952992016
0.007878853621054085      0.4039467907697583
0.007892676171266459      0.40371549217038083
0.007906498721478835      0.40348465387272897
0.00792032127169121       0.4032542760175452
0.007934143821903585      0.4030243587453717
0.00794796637211596       0.4027949021965522
0.007961788922328336      0.402565906511231
0.007975611472540712      0.4023373718293568
0.007989434022753088      0.40210929829067177
0.008003256572965464      0.40188168603472807
0.00801707912317784       0.4016545352008712
0.008030901673390215      0.40142784592824976
0.008044724223602591      0.40089438422101414
0.008058546773814967      0.40055909704903275
0.008072369324027343      0.4002242473265902
0.008086191874239718      0.3998898352382759
0.008100014424452092      0.3995558609684943
0.008113836974664468      0.3992223247014589
0.008127659524876844      0.3988892266211913
0.00814148207508922       0.39855656691152813
0.008155304625301596      0.3982243457561127
0.008169127175513971      0.3978925633383978
0.008182949725726345      0.39756121984165027
0.008196772275938721      0.39748992765241603
0.008210594826151097      0.3971485972035201
0.008224417376363473      0.39680775425014614
0.008238239926575849      0.39646739900751726
0.008252062476788224      0.39612753169064036
0.0082658850270006        0.3957881525143177
0.008279707577212976      0.39544926169313904
0.008293530127425352      0.3951108594414841
0.008307352677637726      0.394772945973522
0.008321175227850102      0.3944355215032134
0.008334997778062478      0.39409858624430627
0.008348820328274853      0.3937621404103406
0.00836264287848723       0.3934261842146437
0.008376465428699605      0.39309071787033234
0.00839028797891198       0.3927557415903151
0.008404110529124357      0.39242125558728613
0.008417933079336732      0.39208726007373224
0.008431755629549106      0.3917537552619262
0.008445578179761482      0.3914207413639319
0.008459400729973858      0.39108821859160214
0.008473223280186234      0.3906487916573664
0.00848704583039861       0.390164244009548
0.008500868380610984      0.38968017452051107
0.00851469093082336       0.3891965834566466
0.008528513481035735      0.38871347108413823
0.008542336031248111      0.38823083766896593
0.008556158581460487      0.3877486834769025
0.008569981131672863      0.38726700877351306
0.008583803681885238      0.38678581382415983
0.008597626232097614      0.3863050988939941
0.00861144878230999       0.3858248642479661
0.008625271332522366      0.3853451101508145
0.008639093882734742      0.3848658368670733
0.008652916432947117      0.38438704466107193
0.008666738983159492      0.3839087337969275
0.008680561533371867      0.3834309045385562
0.008694384083584243      0.38295355714966317
0.008708206633796617      0.38247669189374833
0.008722029184008993      0.38200030903410115
0.008735851734221369      0.38135044715997063
0.008749674284433745      0.3808912691538172
0.00876349683464612       0.38043263149668194
0.008777319384858496      0.3799745344793647
0.008791141935070872      0.3795169783924295
0.008804964485283248      0.37905996352621335
0.008818787035495624      0.37860349017081596
0.008832609585708         0.37814755861611576
0.008846432135920375      0.37799040912226456
0.008860254686132751      0.3773549455425875
0.008874077236345127      0.3767200157817509
0.008887899786557503      0.3760856201895566
0.008901722336769878      0.37545175911557366
0.00891554488698225       0.37481843290914774
0.008929367437194627      0.37418564191939163
0.008943189987407002      0.37355338649519315
0.008957012537619378      0.3729216669852094
0.008970835087831754      0.3721904098098773
0.00898465763804413       0.3716290125486949
0.008998480188256506      0.37106807188341295
0.009012302738468881      0.37050758816765866
0.009026125288681257      0.3699475617548526
0.009039947838893633      0.3693879929982262
0.009053770389106009      0.36882888225081667
0.009067592939318385      0.3682702298654507
0.00908141548953076       0.36771203619477927
0.009095238039743136      0.36715430159123175
0.009109060589955512      0.36659702640705283
0.009122883140167886      0.3660402109942928
0.009136705690380262      0.36548385570480524
0.009150528240592638      0.36492796089022933
0.009164350790805012      0.3643725269020222
0.009178173341017387      0.36381755409144073
0.009191995891229763      0.36326304280953703
0.009205818441442139      0.36235590370087006
0.009219640991654515      0.3616098519394566
0.00923346354186689       0.3608642372372858
0.009247286092079266      0.36011906000755484
0.009261108642291642      0.35937432066328046
0.009274931192504018      0.3586300196172657
0.009288753742716394      0.3578861572821637
0.00930257629292877       0.3571427340703977
0.009316398843141145      0.3563997503942268
0.00933022139335352       0.3556572066657206
0.009344043943565895      0.35491510329674225
0.009357866493778271      0.3541734406989932
0.009371689043990647      0.35343221928394897
0.009385511594203023      0.3526914394629365
0.009399334144415397      0.352041945394641
0.009413156694627773      0.35134037737323615
0.009426979244840148      0.3506393216649547
0.009440801795052524      0.3499387787070351
0.0094546243452649        0.3492387489364942
0.009468446895477276      0.3485392327901335
0.009482269445689652      0.3478402307045358
0.009496091995902027      0.34714174311606194
0.009509914546114403      0.3464437704608542
0.009523737096326779      0.34574631317483473
0.009537559646539153      0.3450493716937052
0.009551382196751529      0.3443529464529461
0.009565204746963905      0.3434909644313924
0.00957902729717628       0.342607026077795
0.009592849847388656      0.3417235709417005
0.009606672397601032      0.3408405995173406
0.009620494947813408      0.3399581122987368
0.009634317498025784      0.3390761097796968
0.009648140048238158      0.33819459245383576
0.009661962598450534      0.3373135608145483
0.00967578514866291       0.33643301535502224
0.009689607698875285      0.335552956568252
0.009703430249087661      0.3346749166952659
0.009717252799300037      0.3338707692591484
0.00973107534951241       0.3330670291524435
0.009744897899724787      0.3322636968714659
0.009758720449937162      0.3314607729123518
0.009772543000149538      0.3306582577710624
0.009786365550361914      0.32985615194337875
0.00980018810057429       0.32905445592491345
0.009814010650786666      0.3282531702110989
0.009827833200999041      0.32745229529719067
0.009841655751211417      0.3266518316782652
0.009855478301423793      0.3258517798492292
0.009869300851636169      0.3250521403048033
0.009883123401848545      0.32425291353953817
0.009896945952060919      0.3234428480707684
0.009910768502273294      0.3224746790518448
0.00992459105248567       0.32150690062340814
0.009938413602698046      0.32053951333561076
0.009952236152910422      0.31957251773842954
0.009966058703122798      0.31860591438167707
0.009979881253335173      0.3176397038149993
0.00999370380354755       0.31667388658787166
0.010007526353759927      0.31570846324959545
0.010021348903972303      0.3147434343493116
0.010035171454184678      0.31377880043598166
0.010048994004397054      0.312814562058405
0.01006281655460943       0.31185071976520545
0.010076639104821806      0.31088727410484185
0.01009046165503418       0.3099242256255981
0.010104284205246556      0.30896157487559345
0.010118106755458931      0.3079993224027678
0.010131929305671306      0.30703746875489163
0.01014575185588368       0.3060760144795786
0.010159574406096055      0.30511496012424805
0.010173396956308431      0.30390546241143235
0.010187219506520807      0.3029642952345426
0.010201042056733183      0.30202346927539103
0.010214864606945559      0.30108298509250825
0.010228687157157934      0.3006591247997022
0.01024250970737031       0.2996212923742414
0.010256332257582686      0.2985837867917046
0.010270154807795062      0.29754660865804333
0.010283977358007438      0.29650975857907147
0.010297799908219813      0.29547323716045526
0.01031162245843219       0.2944370450077263
0.010325445008644565      0.2934011827262695
0.01033926755885694       0.2923656509213255
0.010353090109069315      0.29133045019799597
0.01036691265928169       0.2902955811612383
0.010380735209494063      0.28926104441586514
0.010394557759706439      0.2882268405665462
0.010408380309918816      0.2871929702178072
0.010422202860131192      0.2861594339740316
0.01043602541034357       0.28512623243945723
0.010449847960555946      0.2840933662181765
0.01046367051076832       0.2830608359141396
0.010477493060980697      0.2820286421311486
0.010491315611193071      0.2809967854728646
0.010505138161405447      0.27996526654280113
0.010518960711617823      0.2789340859443226
0.010532783261830199      0.2779032442806564
0.010546605812042574      0.2768727421548792
0.010560428362254948      0.2752121071792176
0.010574250912467324      0.274217280277904
0.0105880734626797        0.2732227318238168
0.010601896012892076      0.27222846242285736
0.01061571856310445       0.27123447268082523
0.010629541113316826      0.2702407632033864
0.010643363663529202      0.269247334596085
0.010657186213741577      0.2682541874643475
0.010671008763953953      0.2672613224134786
0.010684831314166329      0.26626874004865686
0.010698653864378705      0.2652764409749389
0.01071247641459108       0.26452915487905976
0.010726298964803456      0.2633840072304641
0.01074012151501583       0.26223911758387314
0.010753944065228206      0.26109448659474466
0.010767766615440582      0.25995011491842923
0.010781589165652958      0.2588060032101571
0.010795411715865334      0.25766215212504934
0.01080923426607771       0.2565185623181137
0.010823056816290085      0.25537523444424365
0.010836879366502461      0.2542321691582161
0.010850701916714837      0.2530893671147009
0.01086452446692721       0.2519468289682425
0.010878347017139587      0.25080455537328294
0.010892169567351962      0.2496625469841418
0.010905992117564338      0.2485208044550232
0.010919814667776714      0.2473793284400204
0.01093363721798909       0.24623811959311268
0.010947459768201466      0.2450971785681551
0.01096128231841384       0.24395650601888758
0.010975104868626216      0.2428161025989463
0.010988927418838591      0.24167596896183396
0.011002749969050967      0.2405361057609523
0.011016572519263343      0.23915537481574592
0.011030395069475719      0.2380726028926164
0.011044217619688095      0.23699003722853013
0.01105804016990047       0.23590767847015803
0.011071862720112846      0.234825527264085
0.011085685270325222      0.23374358425680308
0.011099507820537598      0.23266185009470375
0.011113330370749972      0.2315803254241028
0.011127152920962348      0.2304990108912114
0.011140975471174725      0.2294179071421529
0.0111547980213871        0.22833701482296326
0.011168620571599475      0.2275149877287022
0.01118244312181185       0.22632684950944884
0.011196265672024227      0.22513890161366973
0.0112100882222366        0.22395114472696676
0.011223910772448978      0.22276357953484308
0.011237733322661352      0.22157620672272393
0.01125155587287373       0.2203890269759458
0.011265378423086104      0.21920204097976506
0.01127920097329848       0.2180152494193506
0.011293023523510857      0.21682865297978693
0.011306846073723231      0.21564225234607357
0.011320668623935607      0.2144560482031193
0.011334491174147983      0.21327004123575538
0.011348313724360355      0.21208423212871888
0.011362136274572731      0.2108986215666652
0.011375958824785107      0.20971321023415976
0.011389781374997483      0.2085279988156841
0.011403603925209858      0.20734298799562947
0.011417426475422232      0.2061581784583041
0.01143124902563461       0.2049735708879192
0.011445071575846984      0.20378916596860855
0.011458894126059362      0.2026049643844126
0.011472716676271736      0.20105027925936825
0.011486539226484111      0.1999321171524405
0.011500361776696487      0.19881410302660724
0.011514184326908863      0.197696237554741
0.01152800687712124       0.19657852140964474
0.011541829427333616      0.19546095526406598
0.011555651977545992      0.19434353979067054
0.011569474527758368      0.1932262756620695
0.011583297077970742      0.19210916355080385
0.011597119628183118      0.19099220412933973
0.011610942178395494      0.1898753980700843
0.01162476472860787       0.18875874604537454
0.011638587278820244      0.18764224872748125
0.011652409829032621      0.18652590678860312
0.011666232379244997      0.1854097209008705
0.011680054929457373      0.18437435085601678
0.011693877479669748      0.18316717432092958
0.011707700029882124      0.18196012402982126
0.0117215225800945        0.18075320068637787
0.011735345130306876      0.17954640499423688
0.011749167680519252      0.17833973765696737
0.011762990230731627      0.17713319937809363
0.011776812780944003      0.17592679086107585
0.011790635331156377      0.17472051280931356
0.011804457881368753      0.17351436592615538
0.011818280431581129      0.17230835091488833
0.011832102981793505      0.1711024684787415
0.011845925532005879      0.1698967193208811
0.011859748082218255      0.16869110414442262
0.01187357063243063       0.16748562365241645
0.011887393182643006      0.16628027854785124
0.011901215732855382      0.16507506953366013
0.011915038283067758      0.16386999731271998
0.011928860833280134      0.16266506258783553
0.01194268338349251       0.161460266061764
0.011956505933704885      0.1602556084371916
0.011970328483917261      0.15905109041675022
0.011984151034129635      0.15794458417598295
0.011997973584342013      0.156742579046595
0.012011796134554388      0.1555406743271012
0.012025618684766764      0.15433887071837607
0.01203944123497914       0.15313716892125825
0.012053263785191516      0.15193556963652502
0.012067086335403892      0.15073407356492205
0.012080908885616267      0.1495326814071428
0.012094731435828641      0.14833139386383554
0.012108553986041016      0.14713021163560172
0.012122376536253393      0.14592913542299327
0.012136199086465767      0.14472816592652454
0.012150021636678143      0.14352730384664386
0.012163844186890519      0.14232654988377297
0.012177666737102893      0.14112590473826514
0.012191489287315269      0.1399253691104453
0.012205311837527644      0.13872494370057498
0.01221913438774002       0.13752462920887404
0.012232956937952396      0.13632442633550867
0.01224677948816477       0.1351243357806053
0.012260602038377148      0.13405432221540758
0.012274424588589523      0.13284854696046916
0.012288247138801897      0.1316428450497013
0.012302069689014273      0.13043721718852921
0.012315892239226649      0.12923166408234174
0.012329714789439023      0.12802618643649166
0.012343537339651397      0.12682078495631413
0.012357359889863775      0.12561546034708904
0.012371182440076149      0.12441021331406628
0.012385004990288526      0.12320504456247112
0.012398827540500902      0.1219999547974816
0.01241265009071328       0.12079494472424962
0.012426472640925654      0.11959001504788104
0.012440295191138031      0.11838516647345453
0.012454117741350404      0.11718039970600895
0.01246794029156278       0.11597571545054233
0.012481762841775155      0.11477111441202725
0.012495585391987528      0.11356659729539005
0.012509407942199905      0.11236216480551862
0.01252323049241228       0.11101499756334555
0.012537053042624658      0.10983571129176507
0.012550875592837029      0.10865648726314826
0.012564698143049408      0.10747732617868726
0.012578520693261782      0.10629822873953572
0.012592343243474162      0.10511919564682218
0.012606165793686534      0.1039402276016498
0.012619988343898913      0.10276132530509419
0.012633810894111286      0.10158248945819388
0.012647633444323665      0.10046611394340324
0.012661455994536039      0.09924374381298363
0.012675278544748416      0.0980214253299547
0.01268910109496079       0.09679915921050869
0.012702923645173163      0.09557694617081489
0.012716746195385542      0.09435478692701973
0.012730568745597914      0.09313268219524382
0.012744391295810292      0.09191063269158212
0.012758213846022666      0.09068863913210716
0.012772036396235044      0.08946670223286765
0.012785858946447418      0.08824482270987265
0.012799681496659797      0.08702300127912845
0.012813504046872171      0.08580123865659646
0.012827326597084548      0.08457953555822495
0.012841149147296923      0.08335789269991672
0.0128549716975093        0.0821363107975716
0.012868794247721672      0.0809147905670474
0.012882616797934052      0.07987840184186558
0.012896439348146424      0.07866047192302449
0.0129102618983588        0.07744257831379128
0.012924084448571176      0.0762247217316733
0.012937906998783548      0.07500690289415757
0.012951729548995925      0.07378912251872112
0.0129655520992083        0.07257138132282896
0.012979374649420679      0.0713536800239056
0.012993197199633051      0.07013601933938397
0.013007019749845429      0.06891839998665855
0.013020842300057803      0.06770082268311564
0.013034664850270182      0.06648328814611995
0.013048487400482554      0.06526579709301654
0.013062309950694932      0.06404835024112561
0.013076132500907306      0.06283094830775995
0.013089955051119683      0.06161359201020183
0.013103777601332058      0.060381453195302366
0.013117600151544433      0.059198163761604104
0.013131422701756811      0.05801490578192423
0.013145245251969187      0.05683167996010188
0.013159067802181564      0.05564848699995717
0.013172890352393937      0.05446532760529671
0.013186712902606314      0.053282202479903784
0.013200535452818686      0.0520991123275646
0.013214358003031064      0.050916057852029434
0.013228180553243438      0.04973303975704689
0.013242003103455817      0.04855005874634649
0.013255825653668191      0.04736711552362917
0.013269648203880569      0.04618421079259659
0.013283470754092941      0.044977854696881155
0.013297293304305322      0.043749782222065665
0.013311115854517693      0.04252171907254907
0.013324938404730069      0.04129366596257927
0.013338760954942444      0.040065623606379906
0.01335258350515482       0.03883759271818818
0.013366406055367196      0.03760957401222888
0.013380228605579572      0.03638156820271457
0.013394051155791946      0.03515357600386039
0.013407873706004322      0.0339255981298698
0.013421696256216697      0.03269763529494246
0.01343551880642907       0.03146968821326776
0.013449341356641449      0.030241757599029015
0.013463163906853821      0.029013844166404918
0.0134769864570662        0.027785948629561893
0.013490809007278571      0.026558071702660408
0.01350463155749095       0.02533021409985536
0.013518454107703325      0.024102376535285446
0.0135322766579157        0.022874559723086805
0.013546099208128074      0.02164676437738592
0.013559921758340452      0.020418991212298322
0.013573744308552826      0.01919124094192918
0.013587566858765204      0.017963514280375185
0.01360138940897758       0.016735811941724202
0.013615211959189955      0.01574888214024354
0.013629034509402331      0.014567043796600898
0.013642857059614705      0.013385215867883344
0.013656679609827081      0.012203399051027863
0.013670502160039455      0.011021594042954153
0.013684324710251832      0.009839801540576416
0.013698147260464208      0.008658022240806869
0.013711969810676586      0.007476256840572144
0.013725792360888956      0.00629450603674909
0.013739614911101334      0.0051127705262598005
0.01375343746131371       0.003931051005964654
0.013767260011526086      0.0027493481727675
0.013781082561738463      0.001567662723536297
0.013794905111950839      3.8599535513083097E-4
