% Model:              Two_segments_demag.mph
% Version:            COMSOL 5.6.0.341
% Date:               Feb 13 2022, 15:19
% Dimension:          1
% Nodes:              1000
% Expressions:        1
% Description:        Line graph
% s                       Height
0                         9.782821129631317E-5
0                         0.001531239991924224
1.3897320205488243E-5     0.002964642822015185
2.7794640410976133E-5     0.00439803610774929
4.169196061646467E-5      0.0058314192552762064
5.558928082195236E-5      0.0072647916707485796
6.948660102744197E-5      0.008698152760355205
8.33839212329287E-5       0.010131501930281185
9.728124143841602E-5      0.011564838586671608
1.1117856164390648E-4     0.01294073631499656
1.2507588184939246E-4     0.014397632013737944
1.3897320205488194E-4     0.015854509508865175
1.5287052226037104E-4     0.017311368199103543
1.6676784246585878E-4     0.01876820748318114
1.8066516267134652E-4     0.020225026759840087
1.9456248287683423E-4     0.02168182542781345
2.0845980308232246E-4     0.02313860288585282
2.223571232878111E-4      0.024595358532705943
2.362544434932987E-4      0.026052091767132322
2.5015176369878666E-4     0.02750880198789795
2.640490839042749E-4      0.02896548859376945
2.7794640410976263E-4     0.030422150983538194
2.9184372431525243E-4     0.03187878855597174
3.057410445207398E-4      0.03333540070986652
3.196383647262282E-4      0.0347919868440258
3.33535684931717E-4       0.03624854635724383
3.4743300513720405E-4     0.037692676357408514
3.6133032534269277E-4     0.03914488085784692
3.752276455481797E-4      0.04059704430127852
3.8912496575366787E-4     0.04204916608488042
4.030222859591568E-4      0.0435012456059527
4.1691960616464644E-4     0.04495328226170723
4.3081692637013337E-4     0.046402676656647775
4.447142465756217E-4      0.047876407580013006
4.5861156678111026E-4     0.04935009209874861
4.7250888698659844E-4     0.0508237296037157
4.864062071920848E-4      0.0522973194858144
5.003035273975742E-4      0.05377086113595467
5.142008476030616E-4      0.055244353945057896
5.280981678085496E-4      0.056717797304062026
5.419954880140378E-4      0.058191190603901856
5.558928082195256E-4      0.059669820360529396
5.697901284250144E-4      0.061146085299852763
5.836874486305028E-4      0.06262228993875231
5.975847688359903E-4      0.06409738070367942
6.114820890414781E-4      0.06558414770069258
6.253794092469679E-4      0.06707085501104043
6.392767294524553E-4      0.0685575020182446
6.531740496579424E-4      0.07004408810592067
6.670713698634321E-4      0.07153061265760428
6.809686900689199E-4      0.07303827709570437
6.948660102744093E-4      0.07452749077482652
7.087633304798964E-4      0.07601663063918142
7.22660650685385E-4       0.07750569606953858
7.365579708908728E-4      0.07899468644662713
7.504552910963621E-4      0.08048360115121254
7.643526113018495E-4      0.08201024832633337
7.782499315073375E-4      0.08352297225245464
7.92147251712826E-4       0.0850356236312356
8.060445719183137E-4      0.08654820183559472
8.199418921238015E-4      0.08806070623852041
8.338392123292895E-4      0.08957313621297905
8.477365325347788E-4      0.09108549113197459
8.616338527402652E-4      0.09259387278741504
8.755311729457559E-4      0.09411686521096074
8.894284931512427E-4      0.09563976553979762
9.033258133567305E-4      0.09716257314159817
9.172231335622181E-4      0.09868528738407754
9.311204537677068E-4      0.10020790763495831
9.450177739731959E-4      0.10173043326201407
9.589150941786834E-4      0.10325286363302562
9.728124143841717E-4      0.1048216158294064
9.867097345896596E-4      0.10638631761945838
0.001000607054795147      0.10795092684739181
0.001014504375000636      0.10951544286907905
0.0010284016952061242     0.11107986504041192
0.0010422990154116119     0.11264419271733744
0.0010561963356170996     0.11420125966516659
0.001070093655822589      0.1157557767575063
0.001083990976028076      0.11731017600588503
0.0010978882962335659     0.11886445676288437
0.0011117856164390525     0.12041861838113983
0.0011256829366445413     0.12197266021329951
0.0011395802568500298     0.12354077589600691
0.0011534775770555184     0.12513266765432232
0.0011673748972610065     0.12672444677078706
0.001181272217466494      0.1283161125857643
0.0011951695376719816     0.12990766443969895
0.0012090668578774704     0.13149910167304413
0.0012229641780829587     0.13309042362628218
0.0012368614982884475     0.1346816296399429
0.0012507588184939359     0.13628778680152995
0.0012646561386994225     0.13790440728488126
0.0012785534589049114     0.1395208911368046
0.0012924507791103996     0.14113723768700182
0.0013063480993158883     0.14275344626521383
0.0013202454195213762     0.1443695162012235
0.001334142739726863      0.14598544682486167
0.001348040059932352      0.14760123746596257
0.0013619373801378413     0.14921688745444012
0.001375834700343328      0.15088301452575958
0.0013897320205488164     0.1525482132159966
0.0014036293407543048     0.15421327943216434
0.001417526660959792      0.1558782124883368
0.0014314239811652806     0.15754301169861679
0.0014453213013707702     0.15920767637716804
0.0014592186215762566     0.16082707635429538
0.0014731159417817451     0.16250224833659507
0.0014870132619872333     0.16417726319018125
0.0015009105821927207     0.16585212022046777
0.0015148079023982102     0.16752681873288092
0.0015287052226036983     0.1692013580328963
0.0015426025428091868     0.1708757374260824
0.0015564998630146739     0.17261279064808943
0.0015703971832201635     0.17431913982850458
0.001584294503425651      0.17602534035011597
0.0015981918236311393     0.17773139150500603
0.0016120891438366272     0.17943729258539906
0.0016259864640421151     0.18109493247658756
0.001639883784247604      0.18283006298336624
0.001653781104453092      0.1845650248268234
0.0016676784246585793     0.18629981728677356
0.0016815757448640683     0.18803443964302852
0.0016954730650695566     0.1897688911754741
0.0017093703852750445     0.19150317116403137
0.0017232677054805324     0.19323727888865036
0.0017371650256860212     0.19500587642001443
0.0017510623458915084     0.19680454037312115
0.0017649596660969972     0.1986030374957293
0.0017788569863024853     0.20040136705049025
0.001792754306507974      0.202199528300105
0.0018066516267134616     0.20396104829839956
0.0018205489469189503     0.205731985216776
0.0018344462671244378     0.2075027245464104
0.0018483435873299274     0.20927326554735845
0.0018622409075354143     0.2110436074797294
0.0018761382277409022     0.21294176193639877
0.0018900355479463916     0.21477112801142936
0.0019039328681518782     0.21660028337319465
0.0019178301883573659     0.21841836093612618
0.0019317275085628562     0.22025912506845863
0.001945624828768343      0.22209969946002903
0.0019595221489738315     0.22394008334345783
0.0019734194691793205     0.22578027595148528
0.0019873167893848086     0.22762027651683903
0.0020012141095902963     0.22946008427237766
0.0020151114297957845     0.23129969845094026
0.0020290087500012726     0.23316957178184744
0.0020429060702067607     0.23507350297567017
0.0020568033904122497     0.23697722142963057
0.0020707007106177365     0.23888072635677796
0.002084598030823225      0.24078401697014157
0.002098495351028714      0.24268709248287484
0.0021123926712342004     0.2445899521081754
0.00212628999143969       0.24648769303875503
0.0021401873116451775     0.24845911963368536
0.0021540846318506652     0.2504303405620501
0.0021679819520561538     0.2524013550163224
0.0021818792722616428     0.25437216218898095
0.0021957765924671305     0.2563427612726237
0.002209673912672619      0.2582700605927957
0.0022235712328781054     0.26021123734403817
0.0022374685530835935     0.26215217277424196
0.0022513658732890825     0.26409286607206034
0.00226526319349457       0.2661133997674679
0.0022791605137000587     0.26814148622010087
0.0022930578339055473     0.2701693230848505
0.002306955154111036      0.27219690952868386
0.002320852474316523      0.27422718506072413
0.0023347497945220117     0.2762512571101172
0.0023486471147275        0.27827510706715397
0.002362544434932988      0.28029873408570966
0.0023764417551384765     0.2823221373196846
0.0023903390753439646     0.28434531592301554
0.002404236395549452      0.2863682690497969
0.0024181337157549395     0.2883970696609798
0.002432031035960428      0.29049796465204286
0.0024459283561659166     0.2925986170237859
0.002459825676371405      0.2946990259059091
0.002473722996576892      0.2967991904281913
0.00248762031678238       0.29889910972045763
0.002501517636987869      0.30099878291262794
0.0025154149571933577     0.30307165054809465
0.002529312277398845      0.3052592022407513
0.0025432095976043335     0.30744652057000577
0.002557106917809821      0.3096336046416925
0.0025710042380153097     0.31182045356172533
0.002584901558220797      0.3140070664360755
0.002598798878426285      0.3161934423707604
0.002612696198631774      0.31831782372695594
0.0026265935188372626     0.32046906292224664
0.00264049083904275       0.32262002398717904
0.002654388159248238      0.32477070602246366
0.002668285479453726      0.32707574270864165
0.0026821827996592147     0.3293393989015907
0.0026960801198647024     0.3316027709761229
0.0027099774400701914     0.33384151142453933
0.0027238747602756803     0.33609121602911246
0.002737772080481167      0.3383406762824801
0.002751669400686656      0.3405898912418569
0.0027655667208921434     0.3428388599645095
0.002779464041097631      0.34508758150775964
0.0027933613613031205     0.3473360549290206
0.002807258681508608      0.349584279285734
0.0028211560017140955     0.35183225363547954
0.0028350533219195857     0.3541490571482266
0.0028489506421250734     0.35651279109275086
0.0028628479623305603     0.35887626460392386
0.0028767452825360497     0.3612394767067747
0.0028906426027415382     0.3636024264264107
0.002904539922947025      0.36596511278803856
0.002918437243152514      0.36832753481690494
0.0029323345633580017     0.37068511029249174
0.0029462318835634907     0.3731214059474482
0.002960129203768979      0.3755574629190351
0.0029740265239744674     0.3779932802084756
0.002987923844179955      0.3804288568170544
0.0030018211643854428     0.3828641917460991
0.0030157184845909313     0.38526204589471147
0.003029615804796418      0.38767773604617767
0.003043513125001908      0.39009314736091594
0.0030574104452073974     0.3925082788278112
0.003071307765412884      0.39492949712657466
0.003085205085618373      0.39747538926146603
0.00309910240582386       0.4000210074492567
0.003112999726029349      0.4025663506481857
0.003126897046234837      0.4051114178166204
0.003140794366440325      0.4076583849202901
0.0031546916866458134     0.41016424641134613
0.003168589006851302      0.4126698802094283
0.00318248632705679       0.41517528526400904
0.0031963836472622778     0.41768046052462066
0.0032102809674677663     0.4201854049408851
0.003224178287673254      0.42269011746243473
0.0032380756078787425     0.4252950705775826
0.00325197292808423       0.4279263683819815
0.003265870248289718      0.4305574327179563
0.003279767568495207      0.4331882625004149
0.0032936648887006955     0.4358188566443182
0.003307562208906184      0.43844921406464593
0.0033214595291116713     0.441079333676501
0.00333535684931716       0.4437491727806868
0.0033492541695226475     0.4464462811210202
0.0033631514897281365     0.44914318970547856
0.0033770488099336246     0.45183989742611724
0.0033909461301391123     0.45453640317507515
0.003404843450344601      0.4572327058445187
0.0034187407705500886     0.45992880432669275
0.003432638090755577      0.4626418846910666
0.0034465354109610657     0.46533486714348776
0.0034604327311665538     0.46802761218371375
0.0034743300513720415     0.47072011868253677
0.00348822737157753       0.47352415398239084
0.0035021246917830177     0.47637367567740607
0.003516022011988506      0.4792229764348884
0.0035299193321939944     0.4820830045765011
0.003543816652399482      0.4848609291695832
0.0035577139726049698     0.48763870026210177
0.0035716112928104587     0.49041631668804603
0.0035855086130159464     0.49319377728143654
0.0035994059332214346     0.4959710808763475
0.0036133032534269222     0.49874822630686205
0.00362720057363241       0.5015252124071196
0.0036410978938378994     0.504302038011313
0.0036549952140433875     0.5070787019536585
0.0036688925342488747     0.5100999739367343
0.003682789854454363      0.5130210198458339
0.003696687174659852      0.5159419130428868
0.0037105844948653404     0.518862652318581
0.0037244818150708276     0.5217832364636501
0.0037383791352763166     0.5247036642688208
0.003752276455481804      0.5272003387733568
0.0037661737756872933     0.5302442581071647
0.0037800710958927814     0.5332880811838571
0.0037939684160982695     0.5363318067635375
0.0038078657363037564     0.5393754336063283
0.003821763056509245      0.542418960472397
0.003835660376714733      0.5454623861218905
0.003849557696920221      0.5485426438198641
0.003863455017125709      0.5514319725728233
0.0038773523373311983     0.5543212855995759
0.0038912496575366847     0.5572105816802395
0.003905146977742174      0.5600998595949224
0.003919044297947661      0.5629891181237424
0.00393294161815315       0.5658783560468066
0.0039468389383586384     0.5687675721442144
0.003960736258564126      0.5716567651960845
0.003974633578769615      0.5747926634177648
0.003988530898975103      0.5778986600631265
0.004002428219180591      0.5810047009355089
0.0040163255393860795     0.5841107847709028
0.004030222859591568      0.5872169103052859
0.004044120179797056      0.5903230762746075
0.004058017500002544      0.5934292814147971
0.004071914820208033      0.5965355244617816
0.0040858121404135205     0.5996418041514439
0.00409970946061901       0.60272307323187
0.004113606780824498      0.6056810529656739
0.004127504101029985      0.6086391551287226
0.004141401421235473      0.6115973784777017
0.0041552987414409616     0.6145557217692792
0.00416919606164645       0.6175141837600776
0.004183093381851939      0.6204656068333791
0.004196990702057426      0.623607674525752
0.004210888022262915      0.6267499365370328
0.0042247853424684035     0.6298923915863048
0.004238682662673892      0.6330350383926054
0.00425257998287938       0.6361778756748746
0.004266477303084868      0.6393209021520261
0.004280374623290356      0.6424641165428743
0.0042942719434958445     0.6454542736149401
0.004308169263701331      0.6484287975275612
0.00432206658390682       0.6514035994544128
0.0043359639041123076     0.654378678142827
0.004349861224317797      0.6573540323400243
0.004363758544523284      0.660329660793167
0.004377655864728772      0.6633055622492984
0.00439155318493426       0.6662817354553983
0.0044054505051397495     0.6692581791583396
0.004419347825345237      0.6722348921049112
0.004433245145550726      0.6756263028450118
0.004447142465756213      0.6787992268013483
0.004461039785961702      0.6812670336033513
0.0044749371061671905     0.6842649308836157
0.004488834426372678      0.687263293034568
0.004502731746578167      0.6903953068747432
0.004516629066783655      0.6933317758360685
0.004530526386989142      0.6962686890937981
0.0045444237071946315     0.6992060454511829
0.004558321027400119      0.7021438437113282
0.004572218347605608      0.7050820826771816
0.004586115667811096      0.7080207611515466
0.004600012988016584      0.7109598779371914
0.004613910308222072      0.7138994318365403
0.004627807628427561      0.7170002584378736
0.004641704948633049      0.7197255617665258
0.004655602268838538      0.7224513977251377
0.004669499589044026      0.7251777651659745
0.004683396909249514      0.7279046629411987
0.004697294229455001      0.7306320899028296
0.00471119154966049       0.7333600449026363
0.004725088869865978      0.7360885267923125
0.004738986190071467      0.7388175344232925
0.004752883510276955      0.741982736525313
0.004766780830482442      0.7448932313572001
0.004780678150687931      0.7478043744548328
0.0047945754708934194     0.7495353197237868
0.004808472791098908      0.7522333695271536
0.0048223701113043966     0.7553537236051945
0.004836267431509884      0.7579253705450564
0.004850164751715372      0.760497735996238
0.00486406207192086       0.7630708189035827
0.004877959392126348      0.7656446182116997
0.004891856712331836      0.7682191328649827
0.004905754032537324      0.7707943618075949
0.004919651352742811      0.7733703039835009
0.004933548672948301      0.7759469583364271
0.004947445993153788      0.778479566499725
0.004961343313359277      0.7808018006892506
0.004975240633564765      0.7831248374818008
0.004989137953770254      0.7854486758916481
0.005003035273975742      0.787773314932867
0.005016932594181229      0.7900987536192452
0.005030829914386718      0.7924249909643534
0.0050447272345922065     0.7947520259814974
0.005058624554797695      0.7970798576837654
0.005072521875003184      0.7992906092241328
0.00508641919520867       0.8016419045374319
0.00510031651541416       0.8039939152430888
0.0051142138356196475     0.8063466404038465
0.005128111155825136      0.8080628663707694
0.005142008476030624      0.8100470126084575
0.005155905796236113      0.8120318654435588
0.005169803116441601      0.8147016165421481
0.005183700436647089      0.8166903529937279
0.005197597756852577      0.8186799295341407
0.005211495077058066      0.8206703453706431
0.005225392397263553      0.822661599710247
0.005239289717469041      0.8246536917596965
0.00525318703767453       0.8266466207254864
0.005267084357880018      0.8286403858138471
0.005280981678085506      0.8306349862307638
0.005294878998290994      0.8326304211819532
0.005308776318496482      0.8346266898728879
0.00532267363870197       0.8366237915087744
0.0053365709589074575     0.8386217252945732
0.005350468279112946      0.8406204904349972
0.005364365599318434      0.8415129761437332
0.005378262919523922      0.8431050529459048
0.005392160239729411      0.8446979037552974
0.0054060575599348985     0.8462915278835215
0.005419954880140386      0.8478859246419816
0.005433852200345875      0.8494810933418349
0.005447749520551362      0.8516895058510832
0.005461646840756851      0.8531955535184368
0.005475544160962339      0.8547024720866478
0.005489441481167826      0.8562102609305752
0.005503338801373314      0.8577189194247964
0.005517236121578803      0.859228446943635
0.005531133441784291      0.8607388428611444
0.00554503076198978       0.8622501065511118
0.0055589280821952665     0.8637622373870562
0.005572825402400755      0.8646343723637461
0.005586722722606243      0.8660432719360841
0.005600620042811731      0.8674529219342767
0.00561451736301722       0.8688633217884707
0.005628414683222708      0.8702744709285863
0.005642312003428196      0.8720720297137365
0.005656209323633685      0.8732530691896239
0.005670106643839172      0.874434915086533
0.005684003964044661      0.8756175669100282
0.005697901284250149      0.876801024165404
0.005711798604455637      0.8779852863577216
0.005725695924661124      0.8791703529917843
0.0057395932448666125     0.8803562235721655
0.0057534905650721        0.8815428976031662
0.005767387885277589      0.8827303745888595
0.0057812852054830765     0.8833977582931938
0.005795182525688566      0.8844187888270822
0.005809079845894053      0.8854405407837668
0.005822977166099541      0.8864630137259857
0.005836874486305029      0.8880334754742245
0.0058507718065105175     0.888931523984131
0.005864669126716005      0.889830340383898
0.005878566446921493      0.8907299242917773
0.0058924637671269806     0.8916302753257791
0.005906361087332469      0.8925313931036886
0.005920258407537957      0.8934332772430413
0.005934155727743445      0.8943359273611469
0.005948053047948934      0.8952393430750738
0.005961950368154421      0.8961435240016526
0.005975847688359908      0.8966230367275252
0.005989745008565397      0.8975231867817006
0.0060036423287708855     0.8984240095402479
0.006017539648976373      0.8993255046502272
0.006031436969181863      0.9004040128561297
0.0060453342893873495     0.9010856062248969
0.006059231609592837      0.9017678970146356
0.006073128929798326      0.9024508849359607
0.006087026250003814      0.9031345696992611
0.006100923570209302      0.9038189510147167
0.0061148208904147905     0.9045040285922923
0.006128718210620277      0.9051898021417292
0.006142615530825766      0.9058762713725638
0.0061565128510312535     0.9065634359940993
0.006170410171236742      0.9068508221376281
0.00618430749144223       0.9074384113210793
0.0061982048116477175     0.9080266274897288
0.006212102131853205      0.9086154703920291
0.006225999452058694      0.9095415745471153
0.006239896772264181      0.9100279119097384
0.00625379409246967       0.9105149109421866
0.006267691412675158      0.9110025714367492
0.006281588732880645      0.9114908931855082
0.006295486053086133      0.9119798759803426
0.006309383373291622      0.9124695196129218
0.006323280693497109      0.9129598238747078
0.006337178013702598      0.9134507885569655
0.0063510753339080855     0.9136291763825835
0.006364972654113573      0.9141152472453893
0.006378869974319061      0.9146019033616034
0.0063927672945245494     0.9150891445432009
0.006406664614730037      0.9157872622651398
0.006420561934935526      0.9161139425193734
0.006434459255141013      0.9164412299492449
0.006448356575346501      0.9167691244150531
0.006462253895551989      0.917097625776911
0.006476151215757477      0.9174267338947392
0.006490048535962965      0.9177564486282701
0.0065039458561684535     0.9180867698370444
0.00651784317637394       0.9184176973804137
0.006531740496579429      0.9187492311175386
0.006545637816784917      0.9188396895701044
0.006559535136990405      0.9190766583349971
0.006573432457195893      0.9193141835693812
0.006587329777401381      0.9195522651656316
0.006601227097606868      0.919790903015948
0.006615124417812357      0.920263665109241
0.0066290217380178445     0.9204415854779439
0.006642919058223333      0.920620094991859
0.006656816378428821      0.9207991935737488
0.006670713698634309      0.9209788811461912
0.006684611018839796      0.9211591576315771
0.006698508339045285      0.9213400229521174
0.006712405659250772      0.9215214770298332
0.006726302979456261      0.9214709022213944
0.0067402002996617486     0.9216334187408391
0.006754097619867237      0.921796472104519
0.006767994940072724      0.9219600622564562
0.0067818922602782125     0.9221241891405079
0.0067957895804837        0.9224176736859038
0.006809686900689189      0.9224622694330048
0.006823584220894676      0.9225074311870982
0.006837481541100164      0.9225531589290632
0.006851378861305652      0.9225994526396035
0.00686527618151114       0.9226463122992405
0.006879173501716628      0.9226937378883195
0.006893070821922117      0.9227417293870095
0.006906968142127604      0.9227902867752975
0.006920865462333092      0.9228394100329955
0.00693476278253858       0.9226629467508117
0.006948660102744068      0.9226049800486374
0.006962557422949556      0.9225475473311331
0.0069764547431550444     0.9224906486124909
0.006990352063360532      0.9224342839067383
0.00700424938356602       0.922595771777165
0.0070181467037715075     0.9225059939167213
0.007032044023976996      0.9224167935282422
0.007045941344182484      0.922328170649228
0.007059838664387972      0.9222401253169986
0.00707373598459346       0.9221526575686924
0.007087633304798948      0.9220657674412643
0.007101530625004435      0.9219794549714915
0.007115427945209924      0.921893720195965
0.007129325265415412      0.9215153784553473
0.0071432225856209        0.9213763302894213
0.007157119905826387      0.9212378197620293
0.0071710172260318755     0.9210998469376511
0.007184914546237363      0.921104893798261
0.007198811866442852      0.9208851164645868
0.00721270918664834       0.920665923075459
0.007226606506853827      0.9204473137259277
0.007240503827059316      0.9202292885108614
0.0072544011472648025     0.9200118475249439
0.007268298467470291      0.9197949908626768
0.00728219578767578       0.9195787186183766
0.007296093107881268      0.919363030886179
0.007309990428086755      0.918944608271239
0.0073238877482922436     0.9185774159809047
0.00733778506849773       0.918210789385328
0.007351682388703219      0.9178447286222082
0.0073655797089087075     0.9174792338290697
0.007379477029114194      0.917353264490882
0.007393374349319683      0.9169948525584877
0.007407271669525171      0.9166370693784162
0.00742116898973066       0.9162799151065403
0.007435066309936147      0.9159233898985264
0.007448963630141634      0.9155674939098524
0.007462860950347124      0.915212227295794
0.007476758270552611      0.9148575902114356
0.007490655590758099      0.9145035828116624
0.007504552910963586      0.9137483373991876
0.007518450231169075      0.9132860386618006
0.007532347551374563      0.9128243368568666
0.00754624487158005       0.912363232179956
0.007560142191785539      0.9120863528670499
0.007574039511991027      0.9115573951525838
0.007587936832196516      0.9110291008385183
0.0076018341524020025     0.910501470152616
0.007615731472607489      0.9099745033224276
0.00762962879281298       0.909448200575299
0.007643526113018466      0.9089225621383739
0.007657423433223955      0.9083975882385814
0.007671320753429442      0.9078732791026535
0.00768521807363493       0.9073496349570983
0.007699115393840419      0.9064568249595395
0.007713012714045906      0.9057122324170468
0.007726910034251394      0.9049682935669499
0.007740807354456883      0.9042250086958287
0.007754704674662371      0.9034823780900687
0.007768601994867858      0.9030264207074787
0.007782499315073346      0.9022934240072034
0.007796396635278836      0.9015611608262093
0.007810293955484323      0.9008296314769433
0.007824191275689812      0.9000988362716115
0.0078380885958953        0.8993687755222046
0.00785198591610079       0.8986394495404822
0.007865883236306279      0.8979108586379768
0.007879780556511767      0.8968222325555899
0.007893677876717256      0.8959539557939208
0.007907575196922744      0.8950863823240639
0.007921472517128231      0.8942195125133425
0.00793536983733372       0.89335334672886
0.007949267157539209      0.8924878853375084
0.0079631644777447        0.8917330931439094
0.007977061797950187      0.8907566295659135
0.007990959118155677      0.8897809462519704
0.008004856438361165      0.8888060436181943
0.008018753758566654      0.8878319220804518
0.008032651078772142      0.8868585820543778
0.00804654839897763       0.8858860239553569
0.008060445719183119      0.8849142481985357
0.008074343039388608      0.8839432551988249
0.008088240359594096      0.8825271429951111
0.008102137679799585      0.8813025549109721
0.008116035000005073      0.880078712077215
0.008129932320210562      0.8788556149804018
0.00814382964041605       0.8776332641068499
0.008157726960621538      0.8765901104935682
0.008171624280827025      0.8753678481813353
0.008185521601032515      0.8741464491269146
0.008199418921238004      0.8729259138567989
0.008213316241443492      0.8717062428972158
0.008227213561648981      0.8704874367741223
0.008241110881854469      0.8692694960132175
0.008255008202059957      0.8680524211399351
0.008268905522265444      0.866413625617473
0.008282802842470932      0.8649565688940538
0.008296700162676423      0.8635003034811828
0.008310597482881911      0.8620448299824156
0.008324494803087399      0.8605901490010596
0.008338392123292888      0.8591362611401872
0.008352289443498376      0.8576831670026168
0.008366186763703865      0.8562308671909402
0.008380084083909353      0.8546570696529422
0.008393981404114842      0.8530855818613433
0.008407878724320332      0.8515150022306407
0.00842177604452582       0.8499453314313558
0.008435673364731309      0.8483765701337439
0.008449570684936797      0.8468087190078023
0.008463468005142286      0.8452417787232208
0.008477365325347774      0.8436757499494236
0.00849126264555326       0.842194340614982
0.008505159965758749      0.840215325378898
0.008519057285964238      0.8382371832218989
0.008532954606169728      0.8362599149158837
0.008546851926375216      0.8342835212324866
0.008560749246580703      0.8323080029430705
0.008574646566786193      0.8303333608187369
0.00858854388699168       0.8283595956303099
0.00860244120719717       0.8263867081483599
0.008616338527402657      0.8244146991431736
0.008630235847608147      0.8224435693847796
0.008644133167813635      0.8204733196429372
0.00865803048801912       0.8184802556889704
0.00867192780822461       0.816641319565089
0.0086858251284301        0.8148031046477289
0.008699722448635589      0.8125402259344247
0.008713619768841076      0.8102724575827055
0.008727517089046564      0.8080053852585526
0.008741414409252055      0.8057390098647027
0.008755311729457543      0.8039351061615818
0.00876920904966303       0.801645850025314
0.008783106369868518      0.799357374956569
0.008797003690074008      0.7970696819252633
0.008810901010279497      0.7947827719010805
0.008824798330484983      0.7924966458534629
0.008838695650690473      0.7902113047516114
0.00885259297089596       0.7879267495644869
0.00886649029110145       0.7856429812608059
0.008880387611306937      0.7833600008090568
0.008894284931512425      0.7810778091774709
0.008908182251717914      0.7785047306330933
0.008922079571923402      0.7759219064318718
0.008935976892128892      0.7733397700227812
0.008949874212334378      0.7707583224528491
0.008963771532539867      0.7681775647688664
0.008977668852745356      0.7655974980174375
0.008991566172950844      0.7630181232449409
0.009005463493156333      0.7604394414975436
0.009019360813361821      0.7578614538212014
0.00903325813356731       0.7552841612616479
0.009047155453772798      0.7523499179526983
0.009061052773978286      0.7496803816167357
0.009074950094183775      0.7470115844525105
0.009088847414389263      0.7450298449195634
0.009102744734594753      0.7421083061032747
0.00911664205480024       0.73918740665122
0.009130539375005728      0.7362671477491163
0.009144436695211217      0.7332988842137395
0.009158334015416705      0.7305780889298826
0.009172231335622194      0.727857816929638
0.009186128655827682      0.7251380693598236
0.00920002597603317       0.72241884736712
0.009213923296238657      0.7197001520980462
0.009227820616444145      0.7169819846988865
0.009241717936649636      0.713873711790394
0.009255615256855122      0.7109399275026995
0.009269512577060612      0.7080065755554396
0.009283409897266098      0.7050736571450343
0.009297307217471587      0.7021411734677717
0.009311204537677076      0.6992091257197799
0.009325101857882564      0.6962775150970957
0.009338999178088054      0.6933463427956165
0.009352896498293543      0.6904156100110297
0.009366793818499029      0.6872871849595388
0.009380691138704518      0.6842921048053304
0.009394588458910006      0.6812974873404828
0.009408485779115495      0.6788450970881857
0.009422383099320983      0.6756663805656228
0.00943628041952647       0.6724880212470586
0.009450177739731959      0.669186041837455
0.009464075059937446      0.6662218758700694
0.009477972380142934      0.6632579781430868
0.009491869700348422      0.6602943499057111
0.009505767020553911      0.6573309924070515
0.0095196643407594        0.6543679068961279
0.009533561660964886      0.651405094621873
0.009547458981170376      0.6484425568331199
0.009561356301375864      0.6454802947786497
0.009575253621581355      0.6424802283984202
0.00958915094178684       0.639325347975032
0.009603048261992328      0.6361706564266705
0.009616945582197818      0.6330161550352955
0.009630842902403307      0.6298618450827898
0.009644740222608797      0.6267077278509624
0.009658637542814284      0.6235538046215737
0.009672534863019774      0.6204622587400846
0.009686432183225263      0.6175071329876387
0.00970032950343075       0.6145521259274302
0.009714226823636238      0.6115972388049545
0.009728124143841726      0.608642472865688
0.009742021464047216      0.6056878293550461
0.009755918784252703      0.6027333095184036
0.009769816104458191      0.5996237431507461
0.009783713424663679      0.5965050157480648
0.009797610744869168      0.5933863351648877
0.009811508065074658      0.5902677026718113
0.009825405385280143      0.5871491195393513
0.009839302705485631      0.5840305870380379
0.00985320002569112       0.5809121064383713
0.009867097345896608      0.5779786638896185
0.009880994666102096      0.5750460034120153
0.009894891986307584      0.5721133529596858
0.009908789306513075      0.5691807137610526
0.009922686626718562      0.5662480870444863
0.00993658394692405       0.5633154740383355
0.00995048126712954       0.560191948848681
0.009964378587335029      0.5571684433705141
0.009978275907540517      0.5541448804808925
0.009992173227746004      0.5511212614146063
0.01000607054795149       0.5480975874063996
0.010019967868156981      0.5450738596910802
0.01003386518836247       0.5420500795034353
0.010047762508567957      0.5390754117131092
0.010061659828773445      0.5362228275441028
0.010075557148978934      0.533370156783135
0.010089454469184423      0.5305174006276958
0.01010335178938991       0.5276645602753002
0.010117249109595399      0.5248116369235137
0.010131146429800888      0.5218342859779933
0.010145043750006376      0.5188809454841948
0.010158941070211864      0.515927464751999
0.010172838390417351      0.5129738449970396
0.01018673571062284       0.5100200874349566
0.01020063303082833       0.5075674160039538
0.010214530351033818      0.5046531315842212
0.010228427671239304      0.5017386519289576
0.010242324991444793      0.4986011181397424
0.010256222311650283      0.4958123223490931
0.010270119631855769      0.49302335188380947
0.010284016952061258      0.49023420789935884
0.010297914272266746      0.48744489155122395
0.010311811592472233      0.4846554039949805
0.010325708912677721      0.4818657463862005
0.010339606232883207      0.4790759198805407
0.010353503553088696      0.47628592563366745
0.010367400873294184      0.47349576480129424
0.010381298193499673      0.4708080904510787
0.010395195513705161      0.46807651171872683
0.01040909283391065       0.46534470251367677
0.010422990154116138      0.46261266396649037
0.010436887474321626      0.45988039720779456
0.010450784794527115      0.45714790336826994
0.010464682114732605      0.45441518357866845
0.01047857943493809       0.4516822389697899
0.01049247675514358       0.4490280021817374
0.010506374075349068      0.4464214875479373
0.010520271395554557      0.4438147628121325
0.010534168715760045      0.4412078290635221
0.010548066035965533      0.4386006873913157
0.010561963356171019      0.43599333888481245
0.010575860676376506      0.43338578463337185
0.010589757996581996      0.43061391644355484
0.010603655316787482      0.42802529589143384
0.010617552636992971      0.4254364252342613
0.01063144995719846       0.42284730554348715
0.010645347277403946      0.4202579378906229
0.010659244597609436      0.41766832334728327
0.010673141917814924      0.41507846298509626
0.010687039238020415      0.41265159441252036
0.0107009365582259        0.41013658216770293
0.010714833878431388      0.40762134906937153
0.010728731198636878      0.40510589615984605
0.010742628518842367      0.40245759851437046
0.010756525839047855      0.3999760380579253
0.010770423159253341      0.397494226187452
0.01078432047945883       0.3950121639251998
0.010798217799664318      0.39252985229348863
0.010812115119869806      0.39004729231468444
0.010826012440075293      0.3875644850112478
0.010839909760280781      0.38508143140569967
0.010853807080486272      0.3826938645429406
0.010867704400691758      0.38033277753021055
0.010881601720897246      0.37797145161645695
0.010895499041102734      0.37560988779363336
0.010909396361308223      0.37324808705380064
0.01092329368151371       0.3708027096932178
0.010937191001719197      0.3683951679967331
0.010951088321924686      0.365987345978972
0.010964985642130175      0.36357924463047675
0.010978882962335663      0.3611708649418325
0.01099278028254115       0.3589672638704893
0.011006677602746638      0.3566629032594028
0.011020574922952128      0.3543582557240868
0.011034472243157614      0.35205332222682073
0.011048369563363102      0.34971817763023555
0.011062266883568591      0.3474210166184766
0.011076164203774079      0.3451236086139347
0.011090061523979566      0.3428259545605697
0.011103958844185054      0.3405280554023603
0.01111785616439054       0.3382299120833989
0.01113175348459603       0.3359315255478222
0.011145650804801517      0.3336823769121771
0.011159548125007005      0.33146363740056706
0.011173445445212492      0.3292446387348661
0.011187342765417982      0.3270253818326559
0.01120124008562347       0.3248058676115296
0.011215137405828957      0.32258609698922663
0.011229034726034445      0.3203660708834815
0.011242932046239934      0.3181664133944414
0.011256829366445422      0.3160412366566471
0.011270726686650908      0.31391582032375326
0.011284624006856396      0.31179016528807996
0.011298521327061887      0.3096642724419646
0.011312418647267373      0.3075381426778528
0.011326315967472862      0.30541177688822746
0.01134021328767835       0.3032851759656391
0.01135411060788384       0.30106162571146056
0.011368007928089327      0.2988985531555489
0.011381905248294815      0.2967352093412109
0.011395802568500306      0.2947786026629371
0.011409699888705794      0.29272211303349005
0.011423597208911281      0.2906243462649156
0.011437494529116767      0.28855719541018726
0.011451391849322255      0.28648981148031344
0.011465289169527746      0.28442219532240265
0.011479186489733232      0.2823543477836293
0.01149308380993872       0.28028626971123294
0.011506981130144207      0.2782179619525257
0.011520878450349697      0.2761494253548607
0.011534775770555186      0.27408066076567666
0.011548673090760674      0.2720116690324801
0.011562570410966163      0.2700432962693987
0.011576467731171651      0.2680685240019568
0.01159036505137714       0.26609351986801927
0.011604262371582626      0.2641182846883056
0.011618159691788114      0.2621428192835861
0.011632057011993603      0.26016712447470786
0.011645954332199091      0.258191201082561
0.01165985165240458       0.2562119776966409
0.011673748972610067      0.2542955595041206
0.011687646292815556      0.25237893284617896
0.011701543613021045      0.25046209852466184
0.011715440933226535      0.24854505734137775
0.011729338253432023      0.24662781009821252
0.01174323557363751       0.24467704882197439
0.011757132893842998      0.24274062350651132
0.011771030214048487      0.2408039688079734
0.011784927534253973      0.23886708552143754
0.011798824854459464      0.23697039354219773
0.011812722174664952      0.23511627566413928
0.011826619494870442      0.2332619344070056
0.01184051681507593       0.23140737054613822
0.011854414135281417      0.22955130203870205
0.011868311455486906      0.22768468717345178
0.011882208775692392      0.2258178816887585
0.011896106095897882      0.2239508863510102
0.01191000341610337       0.22208370192665952
0.011923900736308857      0.22021632918221432
0.011937798056514346      0.21834876888423563
0.011951695376719832      0.21648102179933565
0.011965592696925324      0.21467369763733768
0.01197949001713081       0.2128745040815426
0.011993387337336297      0.21107511942055032
0.012007284657541787      0.20927554440047066
0.012021181977747274      0.20747577976750153
0.012035079297952762      0.2056758262678823
0.01204897661815825       0.20387568464790368
0.01206287393836374       0.20208172321840626
0.012076771258569227      0.2003361999541923
0.012090668578774713      0.19859050589158558
0.012104565898980202      0.19684464176090882
0.01211846321918569       0.19509860829253564
0.012132360539391181      0.1933524062168885
0.012146257859596667      0.19160603626444644
0.012160155179802155      0.18983327624065952
0.012174052500007644      0.18806920734143495
0.012187949820213132      0.1863049494910736
0.012201847140418621      0.184540503414046
0.012215744460624109      0.18285313629398542
0.012229641780829598      0.1811606314368117
0.012243539101035086      0.1794679442832031
0.012257436421240574      0.1777617442217034
0.012271333741446063      0.17605104823310525
0.012285231061651553      0.174340200325239
0.01229912838185704       0.17262920119997438
0.012313025702062526      0.17091805155922987
0.012326923022268016      0.16920675210494876
0.012340820342473505      0.16749530353913228
0.012354717662678993      0.16578370656381147
0.012368614982884482      0.164071961881059
0.01238251230308997       0.16240669641401792
0.01239640962329546       0.16076397231447045
0.012410306943500949      0.15912109775320213
0.012424204263706436      0.15747807341344625
0.012438101583911924      0.15583489997846972
0.012451998904117415      0.15419157813157994
0.012465896224322905      0.1525481085561259
0.01247979354452839       0.1509044919355142
0.012493690864733878      0.1492726762009429
0.012507588184939368      0.14765005092982372
0.012521485505144854      0.1460273002532863
0.012535382825350343      0.14440442484482313
0.01254928014555583       0.1427814253778864
0.012563177465761318      0.14115830252603057
0.012577074785966808      0.13953505696280943
0.012590972106172296      0.13789594195380322
0.012604869426377785      0.13630093538259314
0.012618766746583274      0.13470579701800348
0.012632664066788759      0.1331105275204079
0.012646561386994248      0.13151512755025227
0.012660458707199737      0.12991959776796297
0.012674356027405227      0.1283239388340349
0.012688253347610715      0.1267281514090138
0.012702150667816202      0.12515493986633552
0.012716047988021688      0.12358030692981135
0.012729945308227178      0.12200556709793288
0.012743842628432667      0.12043072102171164
0.012757739948638155      0.11885576935220495
0.012771637268843644      0.11728071274049227
0.01278553458904913       0.11570555183769007
0.01279943190925462       0.11413028729493949
0.012813329229460107      0.11255491976341911
0.012827226549665597      0.11102537921253172
0.012841123869871086      0.10948214670469937
0.012855021190076572      0.10793880606021078
0.012868918510282061      0.10639535791766044
0.012882815830487549      0.10485180291561026
0.012896713150693037      0.10330814169272548
0.012910610470898526      0.10176437488764747
0.012924507791104014      0.10016885812115403
0.012938405111309502      0.09865877164645759
0.012952302431514991      0.09714859352524909
0.012966199751720479      0.09563832438752001
0.012980097071925966      0.09412796486329865
0.012993994392131454      0.09261751558262057
0.013007891712336942      0.09110697717555666
0.013021789032542431      0.08959635027221803
0.013035686352747917      0.08808563550270525
0.013049583672953407      0.08657483349717424
0.013063480993158894      0.08506394488578012
0.013077378313364384      0.0835382489945358
0.013091275633569871      0.08201187287971914
0.01310517295377536       0.08048542801518634
0.01311907027398085       0.0789754400973984
0.013132967594186336      0.07748958932224878
0.013146864914391826      0.07600367505993012
0.013160762234597313      0.07451769792916031
0.013174659554802804      0.07303165854861103
0.01318855687500829       0.07154555753703236
0.013202454195213778      0.07005939551317616
0.013216351515419267      0.06857085109147129
0.013230248835624757      0.06708114010871827
0.013244146155830245      0.06559136220998689
0.01325804347603573       0.06410151800903972
0.013271940796241218      0.06261160811965602
0.01328583811644671       0.06112163315564976
0.013299735436652195      0.0596315937308261
0.013313632756857683      0.05814401988198972
0.01332753007706317       0.0566898903805217
0.013341427397268662      0.05523570436043262
0.013355324717474148      0.053781462427477174
0.013369222037679636      0.05232233319277723
0.013383119357885123      0.0508533197904357
0.013397016678090613      0.04938426314960679
0.0134109139982961        0.04791516387699181
0.013424811318501588      0.046446022579337144
0.013438708638707076      0.044976839863382946
0.013452605958912567      0.043507616335888
0.013466503279118053      0.042038352603631625
0.013480400599323544      0.04056904927339016
0.013494297919529032      0.03909970695194148
0.013508195239734523      0.03768945501117623
0.013522092559940009      0.036233235152964165
0.013535989880145496      0.03477698770335758
0.013549887200350984      0.03332071326469109
0.013563784520556474      0.031864412439305184
0.013577681840761961      0.030408085829561206
0.013591579160967447      0.02895173403778485
0.013605476481172937      0.027495357666366852
0.013619373801378426      0.026038957317669826
0.013633271121583914      0.024582533594055204
0.013647168441789403      0.02312608709793478
0.013661065761994889      0.021669618431678653
0.013674963082200378      0.020213128197680143
0.013688860402405868      0.018756616998347075
0.013702757722611354      0.017300085436086382
0.013716655042816843      0.01588828484448002
0.013730552363022331      0.014451558863992292
0.01374444968322782       0.0130148180483536
0.01375834700343331       0.011578062992213175
0.013772244323638796      0.010141294290159225
0.013786141643844289      0.008704512536817751
0.013800038964049775      0.007267718326826097
0.013813936284255262      0.005830912254814789
0.01382783360446075       0.00439409491541387
0.01384173092466624       0.0029572669032526724
0.013855628244871729      0.0015204288129934003
0.013869525565077215      8.358123926381697E-5
